Time Quantity           
0    0                  
1    32.561435308289454 
2    66.68088934558253  
3    99.2175521237114   
4    131.26307890774746 
5    164.8098013957184  
6    198.19085254010767 
7    230.58212383891168 
8    264.2319402190424  
9    297.2416817042983  
10   330.20457312222135 
11   363.8240734018139  
12   397.08839417712005 
13   430.28287152979783 
14   461.71375169591266 
15   493.952976646484   
16   528.0132738808227  
17   560.6698795633963  
18   593.6233499674623  
19   625.9877595908791  
20   660.0159165253805  
21   693.2037994314584  
22   726.024705596412   
23   758.9960397717865  
24   792.2057138384889  
25   824.1217763299284  
26   857.7060739657347  
27   890.2954654799576  
28   922.8909441405342  
29   956.3016520285909  
30   990.0494319797566  
31   1024.1097291805684 
32   1057.7196743877978 
33   1090.1301953698144 
34   1123.3906315736303 
35   1157.057889872093  
36   1189.9671967587174 
37   1223.0573283758167 
38   1255.6943142196058 
39   1288.5976892576364 
40   1320.9203448096189 
41   1354.6864597011336 
42   1387.5702822042329 
43   1420.0880649428082 
44   1452.6054060187587 
45   1485.2369109806173 
46   1517.9719310061491 
47   1550.1526776311607 
48   1583.9248915639357 
49   1616.209968922866  
50   1650.048418562698  
51   1682.925254823198  
52   1716.1827012938577 
53   1748.064374155388  
54   1780.001228325957  
55   1812.8654753236624 
56   1847.2072091343248 
57   1880.165954062672  
58   1914.2786309557405 
59   1948.1332179213882 
60   1982.510703348277  
61   2015.2001438886925 
62   2048.8804154084464 
63   2081.33519888223   
64   2114.466395548914  
65   2149.173157609231  
66   2181.315716965886  
67   2214.5212238275785 
68   2246.8872949413285 
69   2280.5812573441485 
70   2314.2615935652566 
71   2348.402403156035  
72   2381.6010020646954 
73   2414.9339981926173 
74   2447.209285421207  
75   2480.255009631684  
76   2512.6976961420696 
77   2545.1791759329035 
78   2578.4011319525307 
79   2612.700176213221  
80   2645.1478742009754 
81   2678.147676826921  
82   2710.1829952488424 
83   2742.69313037152   
84   2775.9283737679248 
85   2809.3667391811523 
86   2842.4390455141574 
87   2875.1875361835296 
88   2907.459879849457  
89   2940.522980292207  
90   2972.276084494494  
91   3005.6176612135946 
92   3039.043316827476  
93   3071.684621853774  
94   3104.4780540685497 
95   3137.73926304607   
96   3170.606669801383  
97   3203.604840425861  
98   3236.352114374815  
99   3268.1164203666945 
100  3300.7240345215205 
101  3333.342317555615  
102  3365.930032624087  
103  3398.9044268978328 
104  3430.9115247770833 
105  3463.8720566847132 
106  3497.0994735814006 
107  3529.17516257766   
108  3563.6142817226123 
109  3597.488389301615  
110  3630.2834785022173 
111  3663.410768331825  
112  3695.7278626193724 
113  3727.543031951221  
114  3760.0498026475607 
115  3793.5426825509626 
116  3826.8964472004973 
117  3859.296689600556  
118  3893.302978751483  
119  3925.8702074891185 
120  3958.306247573199  
121  3992.987100620871  
122  4024.73390702148   
123  4058.217805936151  
124  4090.2576716822623 
125  4123.6157583183685 
126  4156.891947534357  
127  4189.904625818511  
128  4222.652437419362  
129  4255.121981587888  
130  4289.906638779732  
131  4323.64792535561   
132  4355.869745982207  
133  4388.1909917557905 
134  4421.390766519664  
135  4455.319151631044  
136  4489.235764093648  
137  4521.096826765199  
138  4553.590429227393  
139  4586.832384021856  
140  4619.715156090194  
141  4653.007743903861  
142  4685.984416620984  
143  4718.221045818229  
144  4751.372402174299  
145  4784.650059096479  
146  4817.031810292704  
147  4849.736146407042  
148  4882.559077793069  
149  4914.614364030291  
150  4948.894314191646  
151  4982.965934695894  
152  5015.751931774431  
153  5047.899464498209  
154  5080.397917818092  
155  5112.702561225643  
156  5145.031346603813  
157  5177.782336499208  
158  5211.702924730961  
159  5244.782453574877  
160  5277.689651581626  
161  5311.229077938681  
162  5345.026725326339  
163  5377.947811578093  
164  5410.469700650765  
165  5443.807159559771  
166  5477.019222216528  
167  5508.6255215067395 
168  5541.551229425264  
169  5574.7110280716715 
170  5608.068772868407  
171  5641.202272649951  
172  5674.4605397639525 
173  5707.681688225333  
174  5740.509974659787  
175  5773.5858678030045 
176  5806.643242728882  
177  5840.254592113828  
178  5873.21063877456   
179  5907.078132528785  
180  5940.687369717375  
181  5973.461252892857  
182  6006.058137138329  
183  6038.774592041761  
184  6072.891012670906  
185  6105.521569939483  
186  6137.923988449188  
187  6170.660940862976  
188  6202.515405193605  
189  6234.54677262728   
190  6267.379640832261  
191  6300.5902758437105 
192  6333.240096314246  
193  6366.128563165104  
194  6399.377231582416  
195  6433.672568604318  
196  6467.133691065565  
197  6499.195600370894  
198  6531.587883559992  
199  6564.081426147459  
200  6596.675700636969  
201  6629.818914760472  
202  6663.529267242172  
203  6697.078418552641  
204  6730.376611485007  
205  6763.094959416251  
206  6796.782916878082  
207  6831.099687434989  
208  6863.402169366796  
209  6895.955337762262  
210  6929.2321551250625 
211  6963.117660853621  
212  6995.713919616191  
213  7028.438257409424  
214  7061.104206474724  
215  7094.697039398412  
216  7126.296269816697  
217  7158.336295452595  
218  7190.955282053361  
219  7223.53047938469   
220  7257.44800978864   
221  7289.687254962055  
222  7323.4917232656235 
223  7356.409519722102  
224  7389.125735563503  
225  7422.447481441531  
226  7454.913293404306  
227  7489.120945447062  
228  7521.651620462826  
229  7554.625196459435  
230  7587.715624247292  
231  7620.739566340557  
232  7653.937487789333  
233  7686.0465443759285 
234  7719.426827709714  
235  7752.088676067937  
236  7784.748525378388  
237  7816.43583775574   
238  7849.317633970759  
239  7882.713573250346  
240  7915.835111953788  
241  7950.294541925474  
242  7982.43750617328   
243  8015.362673402074  
244  8049.1370488580815 
245  8082.173939336723  
246  8114.795095841966  
247  8147.495814928993  
248  8180.441939132094  
249  8212.864593922715  
250  8244.859847415273  
251  8277.708624688268  
252  8309.655501793472  
253  8342.58739248853   
254  8375.463586555124  
255  8407.306466324504  
256  8440.808351875561  
257  8473.171879075077  
258  8506.917582278358  
259  8540.028464108489  
260  8572.587133803823  
261  8605.541387962407  
262  8638.53980399209   
263  8672.101418338269  
264  8704.869151226778  
265  8737.377141774972  
266  8769.002997535716  
267  8800.551184883087  
268  8833.198660922524  
269  8865.767234325582  
270  8898.56203456271   
271  8931.616062568586  
272  8963.481397394464  
273  8996.499844906413  
274  9030.853032417323  
275  9063.504130852292  
276  9097.920025013684  
277  9130.300767603618  
278  9163.815962972962  
279  9195.678374645677  
280  9228.677538880818  
281  9261.339091130425  
282  9293.695424326846  
283  9326.563366906228  
284  9358.4223817665    
285  9391.509622367634  
286  9423.586883709075  
287  9457.173222047617  
288  9491.278633578735  
289  9523.860539263078  
290  9556.342909126626  
291  9588.228625079779  
292  9621.638241214538  
293  9655.571694786056  
294  9687.4792816744    
295  9719.369637588887  
296  9752.90705477555   
297  9786.442304603459  
298  9819.404133557766  
299  9850.789615175163  
300  9883.344811112795  
301  9917.338195373373  
302  9950.688814602046  
303  9983.458573059988  
304  10016.880850293837 
305  10049.996814948436 
306  10082.737199324305 
307  10115.469925184301 
308  10149.61783318832  
309  10182.828641940469 
310  10214.802325823292 
311  10248.85932034627  
312  10281.434940246543 
313  10315.017445521577 
314  10348.430490556426 
315  10381.753359673135 
316  10414.683563448994 
317  10448.98485779191  
318  10482.153289923071 
319  10514.265508250512 
320  10547.579026738425 
321  10580.353856907965 
322  10613.089486454377 
323  10645.910657675911 
324  10678.903598919613 
325  10712.383894948882 
326  10745.466783668022 
327  10778.183027138706 
328  10810.024458729025 
329  10842.524318553687 
330  10875.761901945427 
331  10909.205826208829 
332  10942.01146608891  
333  10974.838090609754 
334  11007.861019482712 
335  11039.117802034485 
336  11073.283220783927 
337  11106.48904260815  
338  11138.914856515043 
339  11172.28776747284  
340  11206.07674300654  
341  11238.249899754906 
342  11272.547509429989 
343  11305.321605581956 
344  11339.229199998916 
345  11372.294323916074 
346  11404.400246947456 
347  11438.189622639438 
348  11471.242731644546 
349  11503.4210563667   
350  11536.625282721552 
351  11570.0039213902   
352  11603.058039715525 
353  11636.40201813673  
354  11669.045566089126 
355  11701.201112601815 
356  11733.063354084548 
357  11766.250993624928 
358  11798.161026148657 
359  11832.001808514508 
360  11865.44129400284  
361  11898.161356621167 
362  11931.142954059327 
363  11963.90283849462  
364  11997.30710157506  
365  12030.498022929061 
366  12063.162414076905 
367  12095.698497726302 
368  12128.458355457458 
369  12162.25769268034  
370  12194.11095610506  
371  12227.51231168628  
372  12260.532218102724 
373  12293.852089616534 
374  12326.674022690408 
375  12359.807073002932 
376  12392.195403936641 
377  12426.510066204366 
378  12459.470554601909 
379  12493.779440673521 
380  12525.768152881925 
381  12559.622182171963 
382  12592.171911819914 
383  12625.63482766762  
384  12658.168216957103 
385  12690.898793189393 
386  12725.274486869506 
387  12759.054602937756 
388  12791.430867420999 
389  12824.98420318116  
390  12857.540727115313 
391  12890.518805363066 
392  12924.036103235623 
393  12956.769836860933 
394  12990.423836751284 
395  13024.04617066954  
396  13058.132831314544 
397  13091.32776810981  
398  13125.075525651608 
399  13157.351551755679 
400  13189.693373407656 
401  13223.003849773799 
402  13255.843874616588 
403  13287.905218896545 
404  13320.95948304391  
405  13354.250847351173 
406  13387.829030729812 
407  13420.102501975407 
408  13452.588007721237 
409  13484.702714705689 
410  13516.681363467538 
411  13549.805350831493 
412  13583.785951201882 
413  13617.361695728956 
414  13650.453387848524 
415  13683.311429608117 
416  13717.604800513584 
417  13749.34689267357  
418  13781.536528716546 
419  13814.745446346478 
420  13846.424771716678 
421  13878.158268963278 
422  13911.163178068937 
423  13943.37050722921  
424  13976.210611829909 
425  14008.309977882507 
426  14040.649321956578 
427  14073.99495879507  
428  14108.47683933706  
429  14142.25765594845  
430  14174.818213534378 
431  14208.338188886626 
432  14241.331693571949 
433  14274.329792095476 
434  14308.14578475639  
435  14341.049997541022 
436  14374.376107104594 
437  14407.33524794511  
438  14439.621178351095 
439  14473.16795759387  
440  14505.973464111159 
441  14539.655983846898 
442  14572.200640181041 
443  14605.143362810095 
444  14636.63467023125  
445  14668.559933952496 
446  14700.940210266352 
447  14732.981599444152 
448  14765.860186334477 
449  14799.924226998897 
450  14833.916156122259 
451  14866.837439772156 
452  14900.069936017273 
453  14932.535736367974 
454  14965.281582862599 
455  14998.369209500399 
456  15030.872275044358 
457  15062.942791366653 
458  15095.933090128423 
459  15129.77800255668  
460  15163.430253408538 
461  15195.775151075746 
462  15229.083003412623 
463  15262.678874393201 
464  15296.397625095753 
465  15329.578314627766 
466  15363.188710850349 
467  15396.470921511982 
468  15429.427077578755 
469  15462.469406644052 
470  15495.076511502524 
471  15527.62288854593  
472  15560.870490715128 
473  15593.889551212998 
474  15626.772349456754 
475  15660.66410373978  
476  15694.398021285022 
477  15727.0566136949   
478  15760.352449345142 
479  15792.521014603042 
480  15825.038888200746 
481  15857.08897528634  
482  15889.424482608372 
483  15921.907550942184 
484  15954.619098105311 
485  15987.727870261702 
486  16020.096394359329 
487  16051.720302504935 
488  16085.032140362748 
489  16118.872767947265 
490  16152.058359442504 
491  16184.572468116206 
492  16217.209412368598 
493  16251.077414261137 
494  16284.191001049321 
495  16317.3863066988   
496  16349.173185996155 
497  16382.681783435046 
498  16416.03425275114  
499  16448.288323267072 
500  16480.225133852367 
501  16513.66030441047  
502  16547.414218254744 
503  16581.075299775308 
504  16613.940865942135 
505  16647.655628418855 
506  16680.999553855185 
507  16714.232542606405 
508  16746.94242013715  
509  16780.08914155611  
510  16813.525663552904 
511  16847.3881156562   
512  16880.719141987815 
513  16913.612511817875 
514  16945.36538817233  
515  16977.72853666774  
516  17011.53956885652  
517  17044.274552317573 
518  17077.27609866176  
519  17109.159830677832 
520  17141.70039625376  
521  17174.586153837776 
522  17207.373285852518 
523  17239.415996707976 
524  17271.535614832665 
525  17304.352961115354 
526  17336.560305991272 
527  17369.421627860887 
528  17402.340182898395 
529  17435.651158956593 
530  17469.42643701578  
531  17501.91537506319  
532  17533.932882300036 
533  17568.019512985455 
534  17601.16105404507  
535  17634.56665851709  
536  17667.80860290757  
537  17700.540307875766 
538  17734.274204198635 
539  17767.731689660002 
540  17800.050032938787 
541  17834.6329067263   
542  17866.395223975138 
543  17900.116870991355 
544  17932.896366934907 
545  17965.261109723506 
546  17998.367320817517 
547  18032.501194696277 
548  18064.797573635493 
549  18097.889604028474 
550  18130.4268764981   
551  18164.488857115746 
552  18197.782422816457 
553  18230.974037110256 
554  18264.118802887413 
555  18297.052100745717 
556  18330.302107357373 
557  18362.714690764788 
558  18396.441995824713 
559  18428.898640261585 
560  18461.17019456209  
561  18494.959762215793 
562  18527.674249966156 
563  18560.875965095205 
564  18593.410031220516 
565  18626.682629116865 
566  18661.21403436793  
567  18694.2271128595   
568  18727.54946072533  
569  18760.56616540091  
570  18793.697179813815 
571  18826.72410086663  
572  18859.36937328175  
573  18892.806404314266 
574  18925.018613472537 
575  18957.821788694346 
576  18990.76422256314  
577  19022.492236389557 
578  19055.817114089543 
579  19088.295649522985 
580  19121.65383688442  
581  19154.933443117625 
582  19188.445645204472 
583  19221.59651315122  
584  19254.584692859466 
585  19288.486834107756 
586  19321.257820439394 
587  19354.512434446046 
588  19387.91664478539  
589  19420.42085068134  
590  19453.13061433299  
591  19485.57418033559  
592  19519.142668823464 
593  19552.02984026011  
594  19585.618195557112 
595  19618.160365847376 
596  19651.46294071701  
597  19685.4133758457   
598  19718.577012364694 
599  19751.225622000802 
600  19784.235434154056 
601  19817.589502586612 
602  19851.086164046817 
603  19884.124091715745 
604  19916.391283177327 
605  19948.61089721135  
606  19981.753615714217 
607  20015.40992930191  
608  20049.002778077902 
609  20082.130762271972 
610  20115.16916918174  
611  20147.570904315548 
612  20179.345859636098 
613  20211.618837804028 
614  20245.85426143859  
615  20278.412134510978 
616  20310.363276390595 
617  20342.900354572772 
618  20377.078802608183 
619  20410.407336505363 
620  20444.000684342922 
621  20476.449260650064 
622  20510.098114584882 
623  20543.13195286684  
624  20575.454572254195 
625  20608.81484846959  
626  20640.71639643615  
627  20674.470264593805 
628  20707.043146548946 
629  20740.333600994247 
630  20772.6778152913   
631  20805.745119928568 
632  20839.97285649374  
633  20873.076640966574 
634  20906.017597987142 
635  20939.004645156852 
636  20972.093900477605 
637  21006.02647509031  
638  21039.665811096587 
639  21072.76620929182  
640  21105.3314028234   
641  21138.971520074658 
642  21171.90718841032  
643  21205.289220022354 
644  21239.2895330156   
645  21272.001415067836 
646  21304.37545205561  
647  21337.73921448021  
648  21370.00306209005  
649  21403.512042116363 
650  21436.89010622983  
651  21469.812639622403 
652  21503.759599984653 
653  21536.391662655682 
654  21569.383257545713 
655  21602.197927980615 
656  21636.357341023162 
657  21668.81790889554  
658  21700.71759003153  
659  21734.11075188248  
660  21766.60454889792  
661  21798.97611875406  
662  21831.78349689666  
663  21865.48982464955  
664  21898.077611063578 
665  21931.555506721576 
666  21963.738859649322 
667  21997.08487693809  
668  22028.959931501788 
669  22063.41095244686  
670  22096.991639025782 
671  22130.298203151568 
672  22163.171112401236 
673  22195.84822771577  
674  22229.41562840768  
675  22263.383461192734 
676  22296.84219086265  
677  22329.238578418703 
678  22362.29674519186  
679  22394.40928662571  
680  22427.666452693637 
681  22460.63833268299  
682  22494.510202126647 
683  22527.61521791301  
684  22561.224693239896 
685  22594.29695283863  
686  22626.993183736682 
687  22660.90671983337  
688  22693.70594878498  
689  22726.26715402683  
690  22759.133890755635 
691  22793.009141995197 
692  22826.15741499449  
693  22858.182397550234 
694  22891.381059547497 
695  22924.851706565067 
696  22958.496902998122 
697  22991.911438507737 
698  23025.28482837256  
699  23058.261339458448 
700  23090.585748106787 
701  23122.835301776115 
702  23155.167067617607 
703  23186.465677030697 
704  23218.904869240847 
705  23252.750836746476 
706  23286.67914812159  
707  23319.169045505954 
708  23351.60573152927  
709  23384.85584029264  
710  23416.713774413438 
711  23449.416352360076 
712  23482.85592679584  
713  23515.38845233245  
714  23548.181340791365 
715  23580.550881135685 
716  23613.254563980143 
717  23645.84955317645  
718  23678.813207048766 
719  23712.18383856114  
720  23744.476123982542 
721  23777.663883846526 
722  23810.742056696246 
723  23843.859145882718 
724  23875.610513244705 
725  23908.69750203298  
726  23942.140035700668 
727  23974.71256537805  
728  24008.853804041184 
729  24041.83758146932  
730  24074.54321717291  
731  24108.98232428003  
732  24142.699352823434 
733  24175.13055328263  
734  24208.904750716018 
735  24241.193875744375 
736  24274.575720053846 
737  24307.251581120177 
738  24339.417866029435 
739  24373.447666151493 
740  24406.169047736013 
741  24439.82728707912  
742  24472.730756716544 
743  24505.087269035506 
744  24537.809254743774 
745  24570.778762587357 
746  24603.948565238275 
747  24636.234575085382 
748  24668.52017277267  
749  24701.38782400902  
750  24734.244902780076 
751  24766.372586969912 
752  24799.437772183777 
753  24832.686380768046 
754  24865.914469856743 
755  24899.375680838726 
756  24933.332481841942 
757  24966.392046437857 
758  24998.597953133532 
759  25031.38679347586  
760  25063.096151385995 
761  25095.737677132714 
762  25128.11639750185  
763  25159.90224456422  
764  25191.948761954438 
765  25223.706517026792 
766  25256.86522584445  
767  25289.64552853864  
768  25323.187731728816 
769  25356.312480052577 
770  25389.859410481527 
771  25422.943854882204 
772  25456.145859227054 
773  25489.970379176408 
774  25521.99233610926  
775  25553.621160612773 
776  25587.09684283715  
777  25620.300990126765 
778  25653.33325084978  
779  25686.559668869188 
780  25719.579697465255 
781  25752.921394441157 
782  25787.210325611533 
783  25820.527776582992 
784  25853.084853236793 
785  25886.584509145498 
786  25921.37295841949  
787  25954.900165727067 
788  25987.834080830497 
789  26021.410569932483 
790  26053.220814178767 
791  26086.689106597503 
792  26120.154326133685 
793  26153.274890367244 
794  26186.008196077746 
795  26218.855434116344 
796  26252.87229149214  
797  26286.515703003784 
798  26319.860291623616 
799  26352.851760843172 
800  26386.23034665388  
801  26418.910035834208 
802  26452.606551797322 
803  26485.336870202224 
804  26518.25266836907  
805  26550.784334272746 
806  26583.66646135705  
807  26616.680769742892 
808  26649.549104057052 
809  26682.749872594057 
810  26715.576849646448 
811  26749.258471954683 
812  26783.592518494992 
813  26815.61563709432  
814  26848.16516086211  
815  26881.648588333574 
816  26914.902948445288 
817  26948.509004153813 
818  26981.041609486325 
819  27015.30896496579  
820  27049.30263879183  
821  27081.958693575085 
822  27115.420884941304 
823  27147.672655898044 
824  27179.994856831658 
825  27213.194921040154 
826  27246.087550919063 
827  27278.746860834148 
828  27310.082070029537 
829  27343.567765754815 
830  27375.984250225632 
831  27409.314622326132 
832  27442.157230004428 
833  27476.081176208714 
834  27508.916120382197 
835  27543.467751487315 
836  27576.509723683423 
837  27609.954290559173 
838  27642.75109031464  
839  27675.74208678669  
840  27709.123761981566 
841  27742.26672944386  
842  27774.177681916484 
843  27805.707427453584 
844  27839.088258478827 
845  27872.718067756272 
846  27904.632638888917 
847  27937.75657368699  
848  27971.159001569893 
849  28004.092639566403 
850  28037.716570900164 
851  28071.274815558016 
852  28104.080463795926 
853  28136.88319186845  
854  28168.921205919178 
855  28201.291686401168 
856  28233.136516152408 
857  28265.999086868254 
858  28298.185662558633 
859  28331.079415895096 
860  28362.405321488623 
861  28394.20627478562  
862  28427.174895053795 
863  28459.80418347288  
864  28492.456733691088 
865  28525.512967033315 
866  28558.746842972614 
867  28591.055292988523 
868  28624.80451487939  
869  28657.84202671493  
870  28690.306627223472 
871  28723.733015284037 
872  28757.136687301485 
873  28791.339276293867 
874  28824.843766082475 
875  28858.199513125975 
876  28891.998345866185 
877  28923.877117895736 
878  28956.35795521262  
879  28989.05455668301  
880  29021.22318737058  
881  29053.427829682703 
882  29084.923779018147 
883  29116.8438038452   
884  29148.703396206187 
885  29181.687940487707 
886  29215.617672220334 
887  29248.59648531725  
888  29280.45488123465  
889  29313.407896822668 
890  29347.106910931205 
891  29381.11220671511  
892  29415.709840177075 
893  29448.25298318425  
894  29481.251721605786 
895  29514.124491196955 
896  29546.727979094918 
897  29579.553943470346 
898  29612.09490922776  
899  29645.06010838688  
900  29678.039248736295 
901  29712.129858013115 
902  29745.618870198272 
903  29778.991873608964 
904  29811.04423164052  
905  29843.59638274416  
906  29875.86530042802  
907  29908.889436705136 
908  29942.4624228358   
909  29975.20556992894  
910  30008.37081469188  
911  30041.86463731268  
912  30075.29695959804  
913  30108.011135929333 
914  30142.72464997812  
915  30175.69433059039  
916  30208.7043326441   
917  30241.80008956294  
918  30275.777745328647 
919  30308.937458413588 
920  30341.40503269515  
921  30374.35128169154  
922  30406.50050133902  
923  30438.90135199371  
924  30471.209557254067 
925  30504.922661967605 
926  30539.699249522626 
927  30571.80422642888  
928  30605.56025268036  
929  30638.449599365114 
930  30672.68170659956  
931  30705.95063538938  
932  30738.482771136696 
933  30772.121260809872 
934  30804.726862897176 
935  30836.96835741211  
936  30870.620592360956 
937  30904.355733850138 
938  30936.662229531426 
939  30970.307635156878 
940  31004.04583720036  
941  31036.526900668436 
942  31069.747476667482 
943  31101.586024867454 
944  31134.650282964943 
945  31167.554054970224 
946  31201.306645730754 
947  31235.155336143496 
948  31267.647603000616 
949  31300.27127029495  
950  31332.832422784486 
951  31365.11323098192  
952  31397.81350911489  
953  31431.203762213412 
954  31464.176035533546 
955  31497.917796928778 
956  31530.959276209484 
957  31563.575449662152 
958  31596.42092320613  
959  31630.52699003162  
960  31663.53905751276  
961  31696.14479371177  
962  31729.40436381992  
963  31762.212771609098 
964  31795.018616361715 
965  31827.099668611612 
966  31859.83528978028  
967  31893.027065079666 
968  31927.055485677858 
969  31959.72831305966  
970  31992.98318834777  
971  32026.4183044342   
972  32059.17416632769  
973  32091.251709928416 
974  32123.82383774238  
975  32157.83633882231  
976  32191.886003639458 
977  32225.286230607195 
978  32258.563691777857 
979  32292.793330662924 
980  32326.47758287267  
981  32360.183534873497 
982  32393.238957722726 
983  32426.69761730986  
984  32459.04673535715  
985  32492.663969079065 
986  32525.292313753107 
987  32557.85467816338  
988  32591.34876329502  
989  32624.323555877327 
990  32656.858176652026 
991  32688.84812517217  
992  32722.437188053205 
993  32755.80716645356  
994  32788.67162191175  
995  32821.45803535428  
996  32854.45354766479  
997  32889.27917895399  
998  32921.16629631694  
999  32954.592692020626 
1000 32987.1099985965   
1001 33021.55165664585  
1002 33055.46964196169  
1003 33088.62341039733  
1004 33122.444233123766 
1005 33154.32328064952  
1006 33186.79604658977  
1007 33219.811183843885 
1008 33251.645019002055 
1009 33284.665778929884 
1010 33317.315927704425 
1011 33350.48053948059  
1012 33382.86999880471  
1013 33415.45466837764  
1014 33448.27902374406  
1015 33480.94161117565  
1016 33512.14934198445  
1017 33544.986455124505 
1018 33579.19154520945  
1019 33612.53849680421  
1020 33646.338072984196 
1021 33679.84775811649  
1022 33713.19907755997  
1023 33746.4973974232   
1024 33779.7995787807   
1025 33812.3958041634   
1026 33844.59041021027  
1027 33877.292632275865 
1028 33908.53607551614  
1029 33941.20495540071  
1030 33973.97546934432  
1031 34006.80160668634  
1032 34039.68214138359  
1033 34071.54886799528  
1034 34103.74496752831  
1035 34137.02256960186  
1036 34169.517292049306 
1037 34201.71447546142  
1038 34235.40318637912  
1039 34267.89639179566  
1040 34302.35471247089  
1041 34335.09870660183  
1042 34368.320469920895 
1043 34401.26886396052  
1044 34434.54450210041  
1045 34468.30362189997  
1046 34501.2302753741   
1047 34533.76561842411  
1048 34566.96878617877  
1049 34599.45485676897  
1050 34631.25040636674  
1051 34664.375425804086 
1052 34696.683609347085 
1053 34729.28700586091  
1054 34762.37287473619  
1055 34795.53304091834  
1056 34828.79199327531  
1057 34862.664199886916 
1058 34895.97578681832  
1059 34927.99065412995  
1060 34960.09333666782  
1061 34992.36514348584  
1062 35025.228371341924 
1063 35057.75999833826  
1064 35091.60695988265  
1065 35124.9452006466   
1066 35157.97403319699  
1067 35191.48213276387  
1068 35225.01177580262  
1069 35258.27892386795  
1070 35290.8555128164   
1071 35324.53341465479  
1072 35358.13938610882  
1073 35391.27105388268  
1074 35424.27078220146  
1075 35457.505516986785 
1076 35491.189077734256 
1077 35524.35450753841  
1078 35557.414748524956 
1079 35591.561710375594 
1080 35623.855147431495 
1081 35657.59552218287  
1082 35690.9010045705   
1083 35723.558998764514 
1084 35756.15754453319  
1085 35788.320711606655 
1086 35821.97677864313  
1087 35854.906677329745 
1088 35888.80422540107  
1089 35921.41411077065  
1090 35954.849872179    
1091 35988.061310800076 
1092 36021.686160820325 
1093 36055.691935655894 
1094 36088.66776955448  
1095 36122.0669522683   
1096 36154.76584390043  
1097 36187.27692889172  
1098 36220.25693816263  
1099 36252.88059577561  
1100 36286.11727050084  
1101 36318.336892324805 
1102 36350.57725460003  
1103 36382.791668613296 
1104 36416.02845336296  
1105 36449.66015163595  
1106 36482.37212020999  
1107 36514.61196824585  
1108 36547.75597089721  
1109 36580.51546463831  
1110 36614.26481653071  
1111 36646.607087047    
1112 36679.00069495758  
1113 36711.00962487013  
1114 36744.16818492569  
1115 36776.52610357321  
1116 36809.9970559993   
1117 36842.15061814023  
1118 36876.18334103255  
1119 36908.49839083611  
1120 36940.65048692361  
1121 36973.04066029238  
1122 37007.04356349883  
1123 37038.652910257755 
1124 37071.72783307667  
1125 37104.798858810726 
1126 37137.53784649216  
1127 37169.75570616818  
1128 37202.37851193121  
1129 37235.69686387156  
1130 37267.82802159501  
1131 37301.083782605965 
1132 37333.27084590919  
1133 37365.39907459889  
1134 37398.93801548322  
1135 37431.90614537561  
1136 37464.24894761706  
1137 37496.40699247723  
1138 37528.81858247879  
1139 37561.609342118296 
1140 37594.75112213543  
1141 37628.076679324586 
1142 37660.44068180413  
1143 37692.831206667885 
1144 37725.50425081289  
1145 37760.11154144422  
1146 37793.55697037774  
1147 37826.41876005696  
1148 37860.24736458061  
1149 37893.23309476959  
1150 37925.72324323655  
1151 37958.89455511738  
1152 37991.87766866828  
1153 38024.05081395014  
1154 38056.3599574897   
1155 38088.815249040395 
1156 38122.181993314254 
1157 38155.24727283247  
1158 38187.77671869239  
1159 38220.65665682259  
1160 38252.88066920641  
1161 38286.04756080224  
1162 38317.53736720422  
1163 38352.17796646867  
1164 38385.461333967076 
1165 38419.097389475275 
1166 38451.50616440926  
1167 38484.712503454386 
1168 38518.101745672895 
1169 38550.58031958375  
1170 38583.554322160075 
1171 38617.354770084894 
1172 38649.612510206076 
1173 38682.399157941516 
1174 38714.95331669299  
1175 38748.268132922145 
1176 38781.28967192278  
1177 38814.647530128976 
1178 38848.872002895216 
1179 38882.11877267842  
1180 38914.51888246754  
1181 38947.71401446184  
1182 38978.68540485913  
1183 39010.38609918185  
1184 39043.11356473978  
1185 39076.42228931746  
1186 39109.56421129305  
1187 39142.6341402256   
1188 39175.54224830427  
1189 39207.22407139616  
1190 39239.012805623264 
1191 39272.290866464034 
1192 39305.153112105276 
1193 39338.046311379134 
1194 39371.8821966984   
1195 39405.66696056964  
1196 39439.38667100554  
1197 39472.35429844079  
1198 39504.70557555097  
1199 39536.76465923572  
1200 39570.16240442827  
1201 39602.69235185707  
1202 39636.410662658134 
1203 39668.188099488085 
1204 39699.869179095745 
1205 39733.757447297765 
1206 39766.20008651637  
1207 39799.274693736705 
1208 39832.48997530351  
1209 39866.95023618971  
1210 39900.21394948611  
1211 39933.63152329549  
1212 39967.803545872936 
1213 40000.177215356736 
1214 40033.12185217928  
1215 40066.29714994768  
1216 40099.43875874479  
1217 40131.47509893074  
1218 40165.47219661271  
1219 40199.09534410206  
1220 40233.26621380914  
1221 40266.815559502254 
1222 40300.4471969998   
1223 40332.66288205387  
1224 40365.04301400911  
1225 40397.97408613893  
1226 40431.59377166829  
1227 40464.33535156658  
1228 40497.38769564292  
1229 40531.08443713954  
1230 40565.19640211332  
1231 40598.62825540914  
1232 40631.70904606415  
1233 40663.943068045046 
1234 40696.672123376244 
1235 40729.713353413594 
1236 40763.482945785734 
1237 40796.89758869293  
1238 40830.16294207115  
1239 40863.43062159073  
1240 40896.56598223623  
1241 40929.581993690495 
1242 40961.789246841945 
1243 40995.33431586316  
1244 41028.41179860079  
1245 41061.00580949793  
1246 41093.971488898955 
1247 41127.0020706561   
1248 41159.999892463275 
1249 41192.50611474667  
1250 41226.09771393571  
1251 41259.292940947395 
1252 41292.494361297286 
1253 41326.15452820264  
1254 41358.4693491035   
1255 41392.04200074703  
1256 41424.034970957    
1257 41457.08464897344  
1258 41490.245590175764 
1259 41523.64950590419  
1260 41555.7873244122   
1261 41588.09475509874  
1262 41621.35953186722  
1263 41654.09502932613  
1264 41686.9354196124   
1265 41719.90590666092  
1266 41753.3018100119   
1267 41786.536992463145 
1268 41819.0680823601   
1269 41852.61014144334  
1270 41884.76015000657  
1271 41918.205052638696 
1272 41951.700146868585 
1273 41983.99762181059  
1274 42016.22112672499  
1275 42050.350298858735 
1276 42082.73676062175  
1277 42116.51343962085  
1278 42150.617301832535 
1279 42182.93302742395  
1280 42215.82538309947  
1281 42249.99341148768  
1282 42282.557542634524 
1283 42315.456140278606 
1284 42347.80843213607  
1285 42379.94655821064  
1286 42413.4823697141   
1287 42447.27753505987  
1288 42480.33643088801  
1289 42513.62530558101  
1290 42545.82854660396  
1291 42579.46432405283  
1292 42613.327223865606 
1293 42646.40134323644  
1294 42679.44011292304  
1295 42711.464259125685 
1296 42744.11247843102  
1297 42778.1903435236   
1298 42811.10183141587  
1299 42844.12973224683  
1300 42876.48985552878  
1301 42909.375541725014 
1302 42942.09416029095  
1303 42975.506994852054 
1304 43007.66692596022  
1305 43040.964673649076 
1306 43074.13620843167  
1307 43108.28694587584  
1308 43141.936543815355 
1309 43174.61325287771  
1310 43208.457368184885 
1311 43241.422652850204 
1312 43274.45182492909  
1313 43307.106748768834 
1314 43339.4295823344   
1315 43372.51464947734  
1316 43405.59651993992  
1317 43438.58005813199  
1318 43472.28428765275  
1319 43505.044473883834 
1320 43538.273322901114 
1321 43570.4790440818   
1322 43602.83643321822  
1323 43634.64760623023  
1324 43667.28622304338  
1325 43700.29413715613  
1326 43732.21368009086  
1327 43765.45744173955  
1328 43797.48935795426  
1329 43831.134473315746 
1330 43864.06974007489  
1331 43896.13851395189  
1332 43930.29899060382  
1333 43963.566019956386 
1334 43997.78088016175  
1335 44030.96795543144  
1336 44063.737144085884 
1337 44095.78432903399  
1338 44128.647006895626 
1339 44161.7227319658   
1340 44194.247692000325 
1341 44227.30475446031  
1342 44259.13226955914  
1343 44292.54726653445  
1344 44324.7244953304   
1345 44357.40499003995  
1346 44390.347385678775 
1347 44422.73396300226  
1348 44456.547140607225 
1349 44489.30990161597  
1350 44523.491991168965 
1351 44556.53665894237  
1352 44589.9837978614   
1353 44622.381957469675 
1354 44655.65535546455  
1355 44688.331625837    
1356 44721.6331861252   
1357 44754.99559589972  
1358 44788.075159283144 
1359 44819.957877753426 
1360 44853.36195675727  
1361 44885.377722263554 
1362 44918.265307139896 
1363 44952.320182081785 
1364 44986.03631285575  
1365 45018.75980402615  
1366 45052.14562270847  
1367 45086.482483870524 
1368 45118.90967158233  
1369 45152.951875627245 
1370 45185.70202388105  
1371 45220.09255962845  
1372 45252.64509041613  
1373 45285.63630074056  
1374 45319.09934474915  
1375 45351.37900375891  
1376 45384.88652211297  
1377 45418.071501389124 
1378 45450.7502294863   
1379 45483.085376335526 
1380 45515.22799891443  
1381 45548.375118698335 
1382 45580.61944226947  
1383 45614.04644268262  
1384 45647.30220266766  
1385 45679.86739670506  
1386 45711.59690648132  
1387 45744.46221878479  
1388 45777.88073799069  
1389 45809.85475098479  
1390 45842.70836143477  
1391 45876.30218837585  
1392 45908.886907560714 
1393 45942.954085276506 
1394 45976.41327776519  
1395 46010.683410469675 
1396 46044.416793665936 
1397 46077.44783265198  
1398 46110.763677549476 
1399 46143.055793538704 
1400 46176.08454893638  
1401 46208.87685813919  
1402 46242.354616290446 
1403 46275.463781193954 
1404 46309.14564294416  
1405 46341.85449705716  
1406 46374.46807124438  
1407 46407.89771079933  
1408 46441.02693540655  
1409 46474.06465258918  
1410 46507.561486151695 
1411 46540.9217469198   
1412 46574.0757535979   
1413 46607.268192175594 
1414 46640.589681689285 
1415 46673.9287279937   
1416 46706.909889209695 
1417 46741.07265030532  
1418 46773.059894195794 
1419 46806.0346283474   
1420 46840.19988655429  
1421 46873.4006758033   
1422 46905.80776650165  
1423 46939.74910989046  
1424 46973.1037296603   
1425 47005.85386100254  
1426 47039.556374043445 
1427 47073.46198393371  
1428 47106.48172055246  
1429 47138.41134200068  
1430 47171.20663442423  
1431 47205.2094421773   
1432 47238.17101604672  
1433 47270.30667198185  
1434 47302.612506404854 
1435 47335.40344306128  
1436 47368.349652999466 
1437 47401.19139710312  
1438 47433.88806243882  
1439 47466.84014251351  
1440 47499.29015168479  
1441 47531.98739798585  
1442 47564.92903466038  
1443 47597.58024727615  
1444 47630.86178712497  
1445 47663.95778304789  
1446 47695.47380802412  
1447 47727.15356687044  
1448 47761.041127103155 
1449 47792.86731369649  
1450 47826.34618776206  
1451 47860.796287193785 
1452 47894.07834919623  
1453 47927.08950507401  
1454 47959.47898096572  
1455 47992.24371698903  
1456 48024.8690542764   
1457 48057.15775072197  
1458 48091.27509490034  
1459 48124.28111965325  
1460 48158.09834244114  
1461 48190.86731280134  
1462 48223.152069301155 
1463 48256.32617521534  
1464 48288.434963011794 
1465 48320.94223141555  
1466 48353.96709357835  
1467 48387.84657816687  
1468 48420.40567286286  
1469 48454.391109291435 
1470 48486.93046902244  
1471 48520.09775827423  
1472 48552.82991289395  
1473 48585.851103730594 
1474 48618.5175034715   
1475 48651.74027739917  
1476 48684.699067962916 
1477 48717.81059824003  
1478 48751.32272227658  
1479 48785.262202510305 
1480 48818.366049013865 
1481 48851.11647716812  
1482 48884.504803469354 
1483 48916.170222550856 
1484 48950.21637137198  
1485 48983.47972289268  
1486 49016.294127872236 
1487 49049.62536758944  
1488 49082.210893629126 
1489 49115.38964525878  
1490 49148.420433427396 
1491 49181.01654953171  
1492 49212.05570504567  
1493 49244.64117143304  
1494 49278.76342276997  
1495 49311.08589490547  
1496 49344.007394282744 
1497 49376.6542368304   
1498 49410.10362385993  
1499 49443.255970470665 
1500 49475.065844174096 
1501 49507.38949293512  
1502 49540.29338660615  
1503 49574.18099674719  
1504 49608.055135581206 
1505 49642.19236014576  
1506 49674.66476116215  
1507 49707.72079552983  
1508 49741.78840885218  
1509 49775.54222841156  
1510 49809.268659925816 
1511 49842.079976296234 
1512 49875.296903201786 
1513 49908.771601630826 
1514 49940.14354836382  
1515 49974.63064017693  
1516 50007.40674781891  
1517 50040.294933768186 
1518 50073.45420387766  
1519 50106.833035207375 
1520 50140.0760403536   
1521 50172.44348814445  
1522 50206.50619439418  
1523 50239.31898551676  
1524 50272.77529628978  
1525 50305.8941324781   
1526 50338.614505766796 
1527 50371.9985693989   
1528 50404.72780889964  
1529 50436.93654703474  
1530 50469.276067003164 
1531 50501.73707942545  
1532 50533.972484318794 
1533 50567.575926442725 
1534 50600.374807220964 
1535 50633.322854063335 
1536 50666.42289860351  
1537 50699.20626897193  
1538 50731.62483845077  
1539 50764.957833818255 
1540 50798.172587482884 
1541 50830.572366976434 
1542 50864.143827055836 
1543 50896.84408397578  
1544 50929.33165131698  
1545 50962.36594666158  
1546 50994.71289324096  
1547 51029.27388135813  
1548 51062.180902147236 
1549 51095.271485343015 
1550 51128.205735275056 
1551 51160.37508024137  
1552 51192.6580073545   
1553 51224.73177097522  
1554 51256.91917485052  
1555 51288.82337266173  
1556 51322.19461575796  
1557 51355.28727435594  
1558 51387.512670609125 
1559 51421.080016293105 
1560 51454.52576399712  
1561 51486.76331569672  
1562 51519.122278120965 
1563 51552.83068723375  
1564 51585.35810036622  
1565 51619.20676042689  
1566 51653.21272371164  
1567 51685.46738109901  
1568 51718.33998725121  
1569 51751.118784638966 
1570 51785.42774170074  
1571 51816.76658049273  
1572 51850.28140808704  
1573 51884.41550863927  
1574 51917.65952790316  
1575 51950.554744573856 
1576 51983.372581229516 
1577 52015.63463333571  
1578 52047.74635315649  
1579 52081.257166307594 
1580 52114.16321533672  
1581 52147.0801429308   
1582 52180.08231103987  
1583 52213.09280271408  
1584 52246.04742915668  
1585 52278.6416308401   
1586 52310.81602496779  
1587 52343.93981527886  
1588 52377.808130786136 
1589 52410.71565332401  
1590 52443.005214604134 
1591 52475.49264237412  
1592 52508.90491887739  
1593 52541.941733565305 
1594 52575.66078643447  
1595 52609.28523388634  
1596 52642.38075855341  
1597 52675.511907984146 
1598 52707.67784506936  
1599 52740.988165505085 
1600 52773.69350283893  
1601 52807.54051972148  
1602 52840.13388485896  
1603 52873.72704135462  
1604 52907.30915254329  
1605 52940.80148866705  
1606 52973.137006607154 
1607 53006.058712509715 
1608 53038.97932943029  
1609 53071.80281427552  
1610 53105.62340863326  
1611 53139.64235441407  
1612 53172.20642937284  
1613 53205.0324103776   
1614 53238.78097989165  
1615 53271.759810153504 
1616 53305.16185698628  
1617 53339.72337739129  
1618 53372.35525519532  
1619 53406.37115325007  
1620 53439.4807016472   
1621 53472.29296482942  
1622 53504.34484325696  
1623 53537.59430809391  
1624 53571.046664076894 
1625 53604.213928413956 
1626 53636.16125964699  
1627 53669.39494343245  
1628 53703.482817496464 
1629 53736.25305102623  
1630 53769.747203067964 
1631 53802.664196799415 
1632 53834.84316630636  
1633 53868.02064552958  
1634 53901.604032569    
1635 53933.97795456326  
1636 53965.98841874827  
1637 53999.434985705906 
1638 54032.68759950691  
1639 54066.453192248475 
1640 54099.48983982845  
1641 54132.421825531594 
1642 54165.33812836125  
1643 54198.08343147119  
1644 54232.05852665881  
1645 54264.2032428368   
1646 54296.80839075847  
1647 54329.63506234406  
1648 54363.32091049616  
1649 54396.34677047823  
1650 54429.21706593297  
1651 54460.72013487948  
1652 54492.503598957    
1653 54525.45554281018  
1654 54558.61788696256  
1655 54591.18162221997  
1656 54623.67954547209  
1657 54657.531884889606 
1658 54691.12380592969  
1659 54724.65435704864  
1660 54759.37728402644  
1661 54793.5308217112   
1662 54826.335070821806 
1663 54858.95603418399  
1664 54890.9878431273   
1665 54924.53600284885  
1666 54958.39582598046  
1667 54991.37291640173  
1668 55024.41778148594  
1669 55058.125369495545 
1670 55091.43612945076  
1671 55123.64726490266  
1672 55155.88098713603  
1673 55189.21847867034  
1674 55221.73814705543  
1675 55253.903391439715 
1676 55286.125426787126 
1677 55318.6488772689   
1678 55351.48586512941  
1679 55383.16289624457  
1680 55416.62679426668  
1681 55449.80684475297  
1682 55482.237443872094 
1683 55516.067223513026 
1684 55549.28636666534  
1685 55582.6803500276   
1686 55616.1855903694   
1687 55649.31732307039  
1688 55681.67116213171  
1689 55714.159635362856 
1690 55747.531893664884 
1691 55780.39777262404  
1692 55813.76596203955  
1693 55846.5423458233   
1694 55879.191973619534 
1695 55912.59933287072  
1696 55945.659524180846 
1697 55979.02942506798  
1698 56011.98786507461  
1699 56045.136787556505 
1700 56078.13762218944  
1701 56112.03863419231  
1702 56144.859876497176 
1703 56178.35199866971  
1704 56211.550155014986 
1705 56244.34767660698  
1706 56277.007472529105 
1707 56309.896440961806 
1708 56343.14028859386  
1709 56375.79818015264  
1710 56409.44766133209  
1711 56443.1414647769   
1712 56475.32924173868  
1713 56508.07783802904  
1714 56541.9163076638   
1715 56574.32704994111  
1716 56607.594845328276 
1717 56640.42655015575  
1718 56674.4446205857   
1719 56706.558276138785 
1720 56739.590926989666 
1721 56773.02094491954  
1722 56806.94132420625  
1723 56839.98978952559  
1724 56872.85626024425  
1725 56905.52560699339  
1726 56939.265419177886 
1727 56972.058310833585 
1728 57005.00860413779  
1729 57037.366590674086 
1730 57070.19985734792  
1731 57101.98687743475  
1732 57133.81892416355  
1733 57166.86345913958  
1734 57198.9007742593   
1735 57231.49483798844  
1736 57264.59639243143  
1737 57297.73501761481  
1738 57331.08506226644  
1739 57363.32657028711  
1740 57396.37680598679  
1741 57429.07345066064  
1742 57462.33394132882  
1743 57493.3460511922   
1744 57526.20843310422  
1745 57558.758531026564 
1746 57591.96329630658  
1747 57623.74730183645  
1748 57655.30821212692  
1749 57689.46920967121  
1750 57722.590386307405 
1751 57755.2073654773   
1752 57787.11800645883  
1753 57820.47727699153  
1754 57852.565987815935 
1755 57885.76749216308  
1756 57918.26126107387  
1757 57951.76999421724  
1758 57984.46580753944  
1759 58016.894213262174 
1760 58051.077307639964 
1761 58084.520968015546 
1762 58116.55650017132  
1763 58149.18540725772  
1764 58182.51780963707  
1765 58215.561628638534 
1766 58249.3969011064   
1767 58282.353009608094 
1768 58315.61517433913  
1769 58347.940691159485 
1770 58381.0218903743   
1771 58412.995013037245 
1772 58446.49011172992  
1773 58480.46306410005  
1774 58513.47682739004  
1775 58546.495238344534 
1776 58579.72680382583  
1777 58612.16623107561  
1778 58646.64530398251  
1779 58678.85300414502  
1780 58711.73574944366  
1781 58743.66974854941  
1782 58777.62834663367  
1783 58811.211505437626 
1784 58843.72260920035  
1785 58876.976577686444 
1786 58909.528703206546 
1787 58942.777567386904 
1788 58975.0212335712   
1789 59007.93204602076  
1790 59041.386762835384 
1791 59075.057509901    
1792 59108.37548223188  
1793 59142.6440362564   
1794 59174.95831625806  
1795 59209.21115226357  
1796 59242.07775317181  
1797 59275.74837464795  
1798 59310.13067138924  
1799 59343.41364127009  
1800 59376.52368796482  
1801 59409.10170695952  
1802 59442.124539267985 
1803 59475.361304771446 
1804 59510.06639813652  
1805 59542.98048143614  
1806 59575.755149942226 
1807 59609.663983640596 
1808 59643.16208298219  
1809 59676.07626187277  
1810 59709.63865408545  
1811 59741.999371156024 
1812 59775.96047554599  
1813 59808.43665229271  
1814 59841.762522272606 
1815 59875.646040946245 
1816 59909.354616397446 
1817 59941.32004478589  
1818 59973.07906881444  
1819 60005.775307288306 
1820 60038.37733004449  
1821 60070.80389364849  
1822 60105.084920701775 
1823 60138.547320892925 
1824 60171.413379178346 
1825 60204.74413062257  
1826 60237.45750198172  
1827 60270.38422933142  
1828 60304.50357100686  
1829 60337.569266969964 
1830 60371.58444761829  
1831 60405.81752605934  
1832 60438.70057471815  
1833 60472.00570389107  
1834 60504.555703917926 
1835 60538.18890927901  
1836 60572.32700958378  
1837 60604.70924547498  
1838 60637.87544202365  
1839 60671.7487913786   
1840 60705.47180885855  
1841 60739.00409740124  
1842 60773.31051376174  
1843 60806.42890542339  
1844 60839.49202232186  
1845 60872.39065028812  
1846 60906.85178123454  
1847 60940.681994892184 
1848 60974.1764394408   
1849 61006.83160661736  
1850 61039.36098722238  
1851 61071.88455050507  
1852 61104.935241403175 
1853 61138.33451192822  
1854 61171.8249734318   
1855 61204.86819658011  
1856 61238.49681539651  
1857 61271.1029933309   
1858 61303.07855471375  
1859 61336.27452647081  
1860 61369.92576304661  
1861 61403.86088374545  
1862 61437.2505817917   
1863 61470.51059033115  
1864 61501.96455534676  
1865 61535.43398785413  
1866 61568.26960580181  
1867 61600.75211502556  
1868 61633.84322626025  
1869 61667.25757421789  
1870 61699.94582652039  
1871 61732.716181415744 
1872 61765.84167563892  
1873 61797.769919465936 
1874 61830.46033497149  
1875 61863.118183605664 
1876 61896.00704057591  
1877 61929.072188183316 
1878 61961.81851531228  
1879 61994.46723747863  
1880 62027.57703820747  
1881 62060.57161562407  
1882 62091.933985002324 
1883 62125.20166098303  
1884 62157.84332325547  
1885 62191.627511453444 
1886 62223.813815627094 
1887 62256.9083805776   
1888 62290.6870422347   
1889 62323.82977607574  
1890 62357.17547393319  
1891 62390.67090371994  
1892 62423.85607966485  
1893 62457.44092556163  
1894 62489.42906058445  
1895 62522.38264785081  
1896 62556.4197393756   
1897 62589.80019184639  
1898 62622.03158614739  
1899 62655.67160385323  
1900 62687.81096801586  
1901 62720.67112734209  
1902 62753.1090752167   
1903 62786.973878924626 
1904 62820.37255073474  
1905 62852.9589416329   
1906 62886.627314444115 
1907 62919.6215429494   
1908 62953.14980981587  
1909 62986.02806128538  
1910 63018.961322060786 
1911 63051.454697599984 
1912 63083.7265524929   
1913 63116.51820144267  
1914 63149.368136063385 
1915 63182.51260893     
1916 63215.65293163981  
1917 63249.14863965086  
1918 63282.18535588272  
1919 63315.93708754808  
1920 63348.12467364727  
1921 63380.57906092823  
1922 63412.820698498086 
1923 63445.924355364965 
1924 63478.82375624632  
1925 63511.70708566715  
1926 63544.08426361963  
1927 63578.205664853405 
1928 63610.77043724     
1929 63644.42827522872  
1930 63676.368891027494 
1931 63708.742938240364 
1932 63741.87822440828  
1933 63773.7302300153   
1934 63807.095675207514 
1935 63839.51752082678  
1936 63871.5843856568   
1937 63905.39718777663  
1938 63937.61424789768  
1939 63971.48093888357  
1940 64003.89935111702  
1941 64036.55450816023  
1942 64069.08332179777  
1943 64102.562793872276 
1944 64134.35464052067  
1945 64165.40254575428  
1946 64198.61094457096  
1947 64231.785077905224 
1948 64264.00145677905  
1949 64297.28173880282  
1950 64330.47350784817  
1951 64363.39417673924  
1952 64396.750904080174 
1953 64430.27024847785  
1954 64463.63157518499  
1955 64495.9234870972   
1956 64528.52393988357  
1957 64560.885527032035 
1958 64594.00205138024  
1959 64627.555819000394 
1960 64660.766336829736 
1961 64694.26953945768  
1962 64726.72261641562  
1963 64760.31493036301  
1964 64792.46779561903  
1965 64825.44446481532  
1966 64858.97518749788  
1967 64891.9806188005   
1968 64926.51312362467  
1969 64959.895990476034 
1970 64993.38812008988  
1971 65025.9190786685   
1972 65058.89733991193  
1973 65093.0271651047   
1974 65126.49998162009  
1975 65159.425317479814 
1976 65192.225611247304 
1977 65225.96609336208  
1978 65258.31341299227  
1979 65291.89581255507  
1980 65325.21924166258  
1981 65358.68843553318  
1982 65392.00189630177  
1983 65424.190746428176 
1984 65457.647570486195 
1985 65490.00957103486  
1986 65523.24359112547  
1987 65555.70803919827  
1988 65587.95875640755  
1989 65620.95403923433  
1990 65653.50665514829  
1991 65686.37729320663  
1992 65719.45568770371  
1993 65753.95519426076  
1994 65787.57485968812  
1995 65821.26443124958  
1996 65853.70476523445  
1997 65886.59404027081  
1998 65920.24526829894  
1999 65953.25476717626  
