TimeCreated MassFrac              
1           0.0025916591746078105 
1           0.03951471815687969   
2           0.0018031834548871614 
2           0.03951471815687969   
3           0.0020304032287180667 
3           0.044456867055445895  
4           0.0022435412549657295 
4           0.03457319378529021   
5           0.0012789242076143173 
5           0.04939964059939115   
6           0.002178650183499745  
6           0.044456867055445895  
7           0.0016166757739126052 
7           0.03951471815687969   
8           0.0015357291639205304 
8           0.03951471815687969   
9           0.0019286714897146819 
9           0.02963229382230508   
10          0.0017394313076394866 
10          0.03951471815687969   
11          0.0024802360047528785 
11          0.02963229382230508   
12          0.0029050177328489475 
12          0.04939964059939115   
13          0.0009844128532299358 
13          0.03951471815687969   
14          0.00168162487242628   
14          0.03457319378529021   
15          0.001702555031640805  
15          0.02963229382230508   
16          0.0029598140703942194 
16          0.04939964059939115   
17          0.0028092785175169253 
17          0.04939964059939115   
18          0.002366064656075921  
18          0.02963229382230508   
19          0.0021187887080029726 
19          0.03457319378529021   
20          0.0027154553166733294 
20          0.898850123487313     
20          0.0027626691468297126 
20          0.02963229382230508   
21          0.0009851742746124926 
21          0.02963229382230508   
22          0.00207684817872603   
22          0.03951471815687969   
23          0.0023815724128535363 
23          0.03951471815687969   
24          0.0016580951680033847 
24          0.03457319378529021   
25          0.0029158265986395275 
25          0.898850123487313     
25          0.00295981407039422   
25          0.04939964059939115   
26          0.0015064626652933736 
26          0.02963229382230508   
27          0.0017265960256219511 
27          0.04939964059939115   
28          0.0015781784758134815 
28          0.044456867055445895  
29          0.0017650812717327025 
29          0.04939964059939115   
30          0.002186915264532917  
30          0.898850123487313     
30          0.002239638076272     
30          0.03457319378529021   
31          0.0021199391837735683 
31          0.04939964059939115   
32          0.0024399940460374677 
32          0.03951471815687969   
33          0.000984412853229936  
33          0.03951471815687969   
34          0.002174724570754215  
34          0.03951471815687969   
35          0.002555660653804022  
35          0.898850123487313     
35          0.002603795955640901  
35          0.044456867055445895  
36          0.0019107615496016576 
36          0.044456867055445895  
37          0.0025801631806319884 
37          0.04939964059939115   
38          0.0019471589410798103 
38          0.03457319378529021   
39          0.002011773900942486  
39          0.03951471815687969   
40          0.0013488361443488041 
40          0.898850123487313     
40          0.001409658223101667  
40          0.04939964059939115   
41          0.0029603259457247955 
41          0.03951471815687969   
42          0.0015373379962947105 
42          0.044456867055445895  
43          0.0025283523467838306 
43          0.03457319378529021   
44          0.0012751026634361113 
44          0.044456867055445895  
45          0.0029158265986395293 
45          0.898850123487313     
45          0.002960581834876781  
45          0.03457319378529021   
46          0.000984032070365353  
46          0.044456867055445895  
47          0.0012116917223830488 
47          0.02963229382230508   
48          0.0026150393685879197 
48          0.044456867055445895  
49          0.002129761608889003  
49          0.03951471815687969   
50          0.002271723570778503  
50          0.898850123487313     
50          0.0023229270360661295 
50          0.044456867055445895  
51          0.002859977379459799  
51          0.044456867055445895  
52          0.0019257317068514768 
52          0.04939964059939115   
53          0.0015721103472852184 
53          0.03951471815687969   
54          0.0026698598183657737 
54          0.03457319378529021   
55          0.0009182027482745936 
55          0.898850123487313     
55          0.0009847935879759425 
55          0.03457319378529021   
56          0.001264699833610591  
56          0.044456867055445895  
57          0.002928670779651535  
57          0.04939964059939115   
58          0.0009844128532299355 
58          0.03951471815687969   
59          0.0020005907425714718 
59          0.02963229382230508   
60          0.0029158265986395275 
60          0.898850123487313     
60          0.0029598140703942185 
60          0.04939964059939115   
61          0.0023324994199764634 
61          0.04939964059939115   
62          0.002959814070394218  
62          0.04939964059939115   
63          0.0009840320703653539 
63          0.044456867055445895  
64          0.0019645507279516744 
64          0.02963229382230508   
65          0.0029158265986395275 
65          0.898850123487313     
65          0.0029608376916947397 
65          0.02963229382230508   
66          0.0012414580660705557 
66          0.03457319378529021   
67          0.0029600700242326536 
67          0.044456867055445895  
68          0.0029600700242326515 
68          0.044456867055445895  
69          0.0026557553362841543 
69          0.02963229382230508   
70          0.0012690154436664136 
70          0.898850123487313     
70          0.0013314128140641433 
70          0.03951471815687969   
71          0.0012209148781583837 
71          0.04939964059939115   
72          0.0029608376916947393 
72          0.02963229382230508   
73          0.001653785692461765  
73          0.03951471815687969   
74          0.0029608376916947406 
74          0.02963229382230508   
75          0.0029158265986395275 
75          0.898850123487313     
75          0.002960837691694741  
75          0.02963229382230508   
76          0.0015437015125464762 
76          0.04939964059939115   
77          0.001663817084262462  
77          0.04939964059939115   
78          0.0029605818348767817 
78          0.03457319378529021   
79          0.0017536745655369322 
79          0.03951471815687969   
80          0.0013747170365913304 
80          0.898850123487313     
80          0.0014363178152391155 
80          0.03457319378529021   
81          0.0009840320703653526 
81          0.044456867055445895  
82          0.002960070024232652  
82          0.044456867055445895  
83          0.002960581834876781  
83          0.03457319378529021   
84          0.0024287417392550746 
84          0.044456867055445895  
85          0.002568874962564069  
85          0.898850123487313     
85          0.002616867473403968  
85          0.044456867055445895  
86          0.001967269804094306  
86          0.03951471815687969   
87          0.0012612648699514642 
87          0.04939964059939115   
88          0.0016149758543110937 
88          0.03457319378529021   
89          0.0018712883153869488 
89          0.02963229382230508   
90          0.0019604196237044706 
90          0.898850123487313     
90          0.002014671293879966  
90          0.04939964059939115   
91          0.0010105101656994982 
91          0.03951471815687969   
92          0.0028133409293050566 
92          0.03457319378529021   
93          0.0009844128532299373 
93          0.03951471815687969   
94          0.0011851557443810705 
94          0.03951471815687969   
95          0.0013241023170695676 
95          0.898850123487313     
95          0.0013859009872815452 
95          0.03951471815687969   
96          0.0009988063793236798 
96          0.03457319378529021   
97          0.0017411164567437945 
97          0.044456867055445895  
98          0.0009844128532299355 
98          0.03951471815687969   
99          0.0021258930433838987 
99          0.03457319378529021   
