3.0258757011003952
3.0311458348363192
3.0284120870272826
3.0103647061782777
3.0755815994439288
3.0219051999764428
3.0150138989906772
3.0354685336135887
3.0478416367989283
3.0031124611271096
3.0108390744403195
3.0122573973025339
3.0450864174494399
3.0296346382923716
3.0593162233020053
3.0428363900325337
3.0191388084478845
3.0793580697396479
2.9868984744870701
2.9722736722752288
3.0286441155938277
3.006770339181827
3.0175262380093955
2.9888478965169014
3.0510426103300574
3.0217608395394393
3.0489080404688593
3.0348857635124489
3.0452047298909264
3.0542211538530069
3.0317732641298107
3.0279484618189798
