TimeCreated MassFrac              
1           0.0018729245133325882 
1           0.04939964059939115   
2           0.0019554508050183463 
2           0.03951471815687969   
3           0.0020717891540077285 
3           0.02963229382230508   
4           0.001999773065780298  
4           0.03457319378529021   
5           0.0020538953190007755 
5           0.044456867055445895  
6           0.00187324914960564   
6           0.044456867055445895  
7           0.0019287053759216826 
7           0.03951471815687969   
8           0.002005152262878383  
8           0.03457319378529021   
9           0.002064790143125242  
9           0.044456867055445895  
10          0.001873573744852624  
10          0.03951471815687969   
11          0.0018735737448526237 
11          0.03951471815687969   
12          0.0018729245133325902 
12          0.04939964059939115   
13          0.0019278009850528994 
13          0.02963229382230508   
14          0.001876578861098912  
14          0.04939964059939115   
15          0.0018735737448526228 
15          0.03951471815687969   
16          0.001982817277402234  
16          0.03951471815687969   
17          0.0018735737448526226 
17          0.03951471815687969   
18          0.0018868858688649646 
18          0.044456867055445895  
19          0.0019112274523145202 
19          0.03457319378529021   
20          0.0018732491496056397 
20          0.044456867055445895  
21          0.0020705407964347056 
21          0.04939964059939115   
22          0.002048037676476348  
22          0.03951471815687969   
23          0.0020708529449923693 
23          0.044456867055445895  
24          0.0020711650541021115 
24          0.03951471815687969   
25          0.002032575707458481  
25          0.04939964059939115   
26          0.001873898299081319  
26          0.03457319378529021   
27          0.0020168958659753074 
27          0.898850123487313     
27          0.0020711650541021106 
27          0.03951471815687969   
28          0.0020259714214988685 
28          0.02963229382230508   
29          0.0019591402612118953 
29          0.04939964059939115   
30          0.001984176864459724  
30          0.898850123487313     
30          0.0020388016522253304 
30          0.03951471815687969   
31          0.001996115498559928  
31          0.03457319378529021   
32          0.0019500649289078706 
32          0.03457319378529021   
33          0.0020168958659753074 
33          0.898850123487313     
33          0.0020708529449923697 
33          0.044456867055445895  
34          0.0020071386461757166 
34          0.044456867055445895  
35          0.0020163426637901717 
35          0.02963229382230508   
36          0.0020717891540077294 
36          0.02963229382230508   
37          0.0019274603730346897 
37          0.03457319378529021   
38          0.0020138780027003497 
38          0.03951471815687969   
39          0.0020168958659753074 
39          0.898850123487313     
39          0.002071165054102111  
39          0.03951471815687969   
40          0.002070540796434705  
40          0.04939964059939115   
41          0.0018345042540341213 
41          0.898850123487313     
41          0.001891402623666177  
41          0.02963229382230508   
42          0.0019916911679648147 
42          0.044456867055445895  
43          0.0018995647468907815 
43          0.03457319378529021   
44          0.0020714771237714054 
44          0.03457319378529021   
45          0.0019286561966429068 
45          0.898850123487313     
45          0.0019842019835864676 
45          0.03457319378529021   
46          0.0018171334809388134 
46          0.898850123487313     
46          0.0018735737448526254 
46          0.03951471815687969   
47          0.0020708529449923693 
47          0.044456867055445895  
48          0.001940511028775808  
48          0.03951471815687969   
49          0.0018732491496056371 
49          0.044456867055445895  
50          0.0018742228122995024 
50          0.02963229382230508   
51          0.0018735737448526237 
51          0.03951471815687969   
52          0.0019684148637875787 
52          0.04939964059939115   
53          0.0019136575419991077 
53          0.03457319378529021   
54          0.0019359004929708856 
54          0.02963229382230508   
55          0.001945977603352027  
55          0.044456867055445895  
56          0.0019676900734150863 
56          0.03951471815687969   
57          0.0018729245133325906 
57          0.04939964059939115   
58          0.00207116505410211   
58          0.03951471815687969   
59          0.002020804052400294  
59          0.044456867055445895  
60          0.0020708529449923697 
60          0.044456867055445895  
61          0.0019525214655263354 
61          0.03951471815687969   
62          0.0018735737448526226 
62          0.03951471815687969   
63          0.0019880082446221163 
63          0.03457319378529021   
64          0.0020168958659753074 
64          0.898850123487313     
64          0.0020705407964347047 
64          0.04939964059939115   
65          0.00197614667502255   
65          0.03457319378529021   
66          0.0020714771237714045 
66          0.03457319378529021   
67          0.0020121959394844057 
67          0.02963229382230508   
68          0.0020706670464006633 
68          0.03457319378529021   
69          0.0020498802061468826 
69          0.02963229382230508   
70          0.0020168958659753083 
70          0.898850123487313     
70          0.0020717891540077264 
70          0.02963229382230508   
71          0.0019337136794936925 
71          0.04939964059939115   
72          0.0020717891540077277 
72          0.02963229382230508   
73          0.002068726102847279  
73          0.02963229382230508   
74          0.0020015385265957516 
74          0.044456867055445895  
75          0.001953664201869904  
75          0.03951471815687969   
76          0.00199734027278829   
76          0.02963229382230508   
77          0.002070540796434704  
77          0.04939964059939115   
78          0.0020711650541021106 
78          0.03951471815687969   
79          0.0019902455835413314 
79          0.898850123487313     
79          0.002044490639816047  
79          0.044456867055445895  
80          0.00199617272514971   
80          0.04939964059939115   
81          0.0019569134932259542 
81          0.044456867055445895  
82          0.002071477123771406  
82          0.03457319378529021   
83          0.0020168958659753083 
83          0.898850123487313     
83          0.0020714771237714045 
83          0.03457319378529021   
84          0.0018738982990813197 
84          0.03457319378529021   
85          0.0019008113311759127 
85          0.898850123487313     
85          0.0019557033895399897 
85          0.04939964059939115   
86          0.001979563463920227  
86          0.03457319378529021   
87          0.0019764624887183917 
87          0.03951471815687969   
88          0.0019073972928520925 
88          0.03951471815687969   
89          0.0019134844358328397 
89          0.898850123487313     
89          0.001969196062082353  
89          0.03457319378529021   
90          0.001873249149605638  
90          0.044456867055445895  
91          0.0019994784355700694 
91          0.03457319378529021   
92          0.001941404397920659  
92          0.03951471815687969   
93          0.0018662057927842923 
93          0.898850123487313     
93          0.0019214696279113925 
93          0.04939964059939115   
94          0.0018735737448526244 
94          0.03951471815687969   
95          0.001940014843128598  
95          0.044456867055445895  
96          0.0018738982990813195 
96          0.03457319378529021   
97          0.001986186996540857  
97          0.03951471815687969   
98          0.0020219594032847774 
98          0.03951471815687969   
99          0.0018738982990813195 
99          0.03457319378529021   
100         0.001960556770057927  
100         0.03951471815687969   
101         0.0019001550000585282 
101         0.04939964059939115   
102         0.0020231988740193004 
102         0.03457319378529021   
103         0.0020576965567352654 
103         0.044456867055445895  
104         0.0020705407964347064 
104         0.04939964059939115   
105         0.0018735737448526235 
105         0.03951471815687969   
106         0.0019194646700424827 
106         0.04939964059939115   
107         0.002010713594231034  
107         0.044456867055445895  
108         0.00207116505410211   
108         0.03951471815687969   
109         0.0019806400648091425 
109         0.044456867055445895  
110         0.0020203469413487656 
110         0.02963229382230508   
111         0.0019546398452640066 
111         0.03951471815687969   
112         0.002039551672935846  
112         0.03457319378529021   
113         0.0018561371254658312 
113         0.898850123487313     
113         0.00191183132908375   
113         0.044456867055445895  
114         0.00187324914960564   
114         0.044456867055445895  
115         0.001968238242363988  
115         0.898850123487313     
115         0.002022721105265189  
115         0.044456867055445895  
116         0.0019231779483062982 
116         0.898850123487313     
116         0.0019778297159856184 
116         0.04939964059939115   
117         0.0018823150841287062 
117         0.03457319378529021   
118         0.0018738982990813202 
118         0.03457319378529021   
119         0.0018311362014123912 
119         0.898850123487313     
119         0.0018867767987505912 
119         0.04939964059939115   
120         0.00201603415551605   
120         0.03951471815687969   
121         0.0018171334809388125 
121         0.898850123487313     
121         0.0018742228122995029 
121         0.02963229382230508   
122         0.001840369869936577  
122         0.898850123487313     
122         0.0018972037572254406 
122         0.02963229382230508   
123         0.0019954823744530534 
123         0.04939964059939115   
124         0.0018171334809388125 
124         0.898850123487313     
124         0.00187324914960564   
124         0.044456867055445895  
125         0.0019656836175947295 
125         0.898850123487313     
125         0.0020208246656375933 
125         0.03457319378529021   
126         0.001958893282486139  
126         0.02963229382230508   
127         0.0020168958659753074 
127         0.898850123487313     
127         0.002070852944992369  
127         0.044456867055445895  
128         0.0020168958659753074 
128         0.898850123487313     
128         0.0020714771237714054 
128         0.03457319378529021   
129         0.0020168958659753074 
129         0.898850123487313     
129         0.0020705407964347056 
129         0.04939964059939115   
130         0.0020263638784166586 
130         0.04939964059939115   
131         0.0019581743955900685 
131         0.03951471815687969   
132         0.0019511825960959108 
132         0.04939964059939115   
133         0.0019159206168062033 
133         0.02963229382230508   
134         0.0020708529449923697 
134         0.044456867055445895  
135         0.0018735737448526233 
135         0.03951471815687969   
136         0.0018729245133325893 
136         0.04939964059939115   
137         0.0018593539572739066 
137         0.898850123487313     
137         0.0019159791472230143 
137         0.02963229382230508   
138         0.0020168958659753074 
138         0.898850123487313     
138         0.0020708529449923684 
138         0.044456867055445895  
139         0.0019323235887889376 
139         0.898850123487313     
139         0.001987511933058265  
139         0.03951471815687969   
140         0.0020523676295208016 
140         0.02963229382230508   
141         0.0020168958659753074 
141         0.898850123487313     
141         0.00207085294499237   
141         0.044456867055445895  
142         0.0020717891540077285 
142         0.02963229382230508   
143         0.002071477123771405  
143         0.03457319378529021   
144         0.0019376041085435592 
144         0.898850123487313     
144         0.0019924179973492737 
144         0.044456867055445895  
145         0.002017492338773654  
145         0.02963229382230508   
146         0.001889652173735925  
146         0.898850123487313     
146         0.0019453042833732996 
146         0.03951471815687969   
147         0.0018655379211722004 
147         0.898850123487313     
147         0.001921130541800373  
147         0.044456867055445895  
148         0.0018729245133325895 
148         0.04939964059939115   
149         0.001984367185201579  
149         0.898850123487313     
149         0.002038989904505927  
149         0.03951471815687969   
150         0.001997157626743251  
150         0.04939964059939115   
151         0.0018828980129893763 
151         0.04939964059939115   
152         0.0019225974992135564 
152         0.898850123487313     
152         0.001977891549457386  
152         0.03951471815687969   
153         0.0020168958659753074 
153         0.898850123487313     
153         0.002070852944992369  
153         0.044456867055445895  
154         0.0018742228122995035 
154         0.02963229382230508   
155         0.0018914362676121167 
155         0.898850123487313     
155         0.0019477087678215598 
155         0.02963229382230508   
156         0.0018993272351379225 
156         0.03457319378529021   
157         0.0018774800244562868 
157         0.03951471815687969   
158         0.0020303448840549593 
158         0.03457319378529021   
159         0.0020168958659753074 
159         0.898850123487313     
159         0.00207085294499237   
159         0.044456867055445895  
160         0.001972325973790443  
160         0.04939964059939115   
161         0.002008305967403063  
161         0.02963229382230508   
162         0.00187292451333259   
162         0.04939964059939115   
163         0.0019807680325604885 
163         0.04939964059939115   
164         0.0019507499754327182 
164         0.898850123487313     
164         0.0020051055292840954 
164         0.04939964059939115   
165         0.001873898299081321  
165         0.03457319378529021   
166         0.0018729245133325876 
166         0.04939964059939115   
167         0.001941332674605082  
167         0.044456867055445895  
168         0.001980456872520663  
168         0.03951471815687969   
169         0.001882542280578461  
169         0.898850123487313     
169         0.0019389125548552417 
169         0.02963229382230508   
170         0.0018735737448526228 
170         0.03951471815687969   
171         0.001970671863656723  
171         0.03457319378529021   
172         0.0018171334809388125 
172         0.898850123487313     
172         0.0018729245133325893 
172         0.04939964059939115   
173         0.0019728808929979384 
173         0.02963229382230508   
174         0.0020711650541021115 
174         0.03951471815687969   
175         0.0018729245133325895 
175         0.04939964059939115   
176         0.001979068488920018  
176         0.044456867055445895  
177         0.0019972689554422986 
177         0.03457319378529021   
178         0.001959053777460313  
178         0.898850123487313     
178         0.0020142672948823236 
178         0.03457319378529021   
179         0.002011089296761959  
179         0.02963229382230508   
180         0.0019439903707908278 
180         0.03457319378529021   
181         0.002032334585394409  
181         0.044456867055445895  
182         0.0020620569497013744 
182         0.03457319378529021   
183         0.0019983447787352278 
183         0.898850123487313     
183         0.002052502316837222  
183         0.044456867055445895  
184         0.0018729245133325904 
184         0.04939964059939115   
185         0.0019201718839947696 
185         0.044456867055445895  
186         0.001995243921339587  
186         0.898850123487313     
186         0.0020491214645616787 
186         0.04939964059939115   
187         0.0018957953705870075 
187         0.04939964059939115   
188         0.0020714771237714045 
188         0.03457319378529021   
189         0.0020168958659753074 
189         0.898850123487313     
189         0.00207085294499237   
189         0.044456867055445895  
190         0.0018735737448526224 
190         0.03951471815687969   
191         0.0020168958659753074 
191         0.898850123487313     
191         0.002071477123771404  
191         0.03457319378529021   
192         0.0020708529449923697 
192         0.044456867055445895  
193         0.002034251924837036  
193         0.03457319378529021   
194         0.0020213302787892573 
194         0.02963229382230508   
195         0.0018171334809388125 
195         0.898850123487313     
195         0.0018742228122995037 
195         0.02963229382230508   
196         0.0018171334809388125 
196         0.898850123487313     
196         0.0018738982990813197 
196         0.03457319378529021   
197         0.0019619643389639724 
197         0.03457319378529021   
198         0.0020069860099101756 
198         0.898850123487313     
198         0.0020607374046634746 
198         0.04939964059939115   
199         0.002015844082724641  
199         0.044456867055445895  
