SimId                                AgentId Time Value                 
ee732cdc-02ea-475e-8bbe-2bdb8e72d2bf 14      0    6.93738193652567e-310 
ee732cdc-02ea-475e-8bbe-2bdb8e72d2bf 14      1    10.040575151321264    
ee732cdc-02ea-475e-8bbe-2bdb8e72d2bf 14      2    7.417112116602148     
ee732cdc-02ea-475e-8bbe-2bdb8e72d2bf 14      3    4.7435610220007725    
ee732cdc-02ea-475e-8bbe-2bdb8e72d2bf 14      4    5.797700124350058     
ee732cdc-02ea-475e-8bbe-2bdb8e72d2bf 14      5    8.225857412111736     
ee732cdc-02ea-475e-8bbe-2bdb8e72d2bf 14      6    8.666540961481587     
ee732cdc-02ea-475e-8bbe-2bdb8e72d2bf 14      7    7.392439846745624     
ee732cdc-02ea-475e-8bbe-2bdb8e72d2bf 14      8    5.845401263505927     
ee732cdc-02ea-475e-8bbe-2bdb8e72d2bf 14      9    8.329604880498962     
ee732cdc-02ea-475e-8bbe-2bdb8e72d2bf 14      10   7.513812640477106     
ee732cdc-02ea-475e-8bbe-2bdb8e72d2bf 14      11   7.363381434417278     
ee732cdc-02ea-475e-8bbe-2bdb8e72d2bf 14      12   9.915211952305512     
ee732cdc-02ea-475e-8bbe-2bdb8e72d2bf 14      13   4.797229400736271     
ee732cdc-02ea-475e-8bbe-2bdb8e72d2bf 14      14   10.040563285078882    
ee732cdc-02ea-475e-8bbe-2bdb8e72d2bf 14      15   7.274730697170341     
ee732cdc-02ea-475e-8bbe-2bdb8e72d2bf 14      16   7.160299182730775     
ee732cdc-02ea-475e-8bbe-2bdb8e72d2bf 14      17   7.282981539423098     
ee732cdc-02ea-475e-8bbe-2bdb8e72d2bf 14      18   8.747757390265392     
ee732cdc-02ea-475e-8bbe-2bdb8e72d2bf 14      19   6.021049183135247     
ee732cdc-02ea-475e-8bbe-2bdb8e72d2bf 14      20   8.772477932983186     
ee732cdc-02ea-475e-8bbe-2bdb8e72d2bf 14      21   9.665967418835713     
ee732cdc-02ea-475e-8bbe-2bdb8e72d2bf 14      22   7.076702631044846     
ee732cdc-02ea-475e-8bbe-2bdb8e72d2bf 14      23   8.351515728543177     
ee732cdc-02ea-475e-8bbe-2bdb8e72d2bf 14      24   7.000438399387001     
ee732cdc-02ea-475e-8bbe-2bdb8e72d2bf 14      25   9.625435863371372     
ee732cdc-02ea-475e-8bbe-2bdb8e72d2bf 14      26   6.124318121637671     
ee732cdc-02ea-475e-8bbe-2bdb8e72d2bf 14      27   7.37517018130746      
ee732cdc-02ea-475e-8bbe-2bdb8e72d2bf 14      28   4.666178666706564     
ee732cdc-02ea-475e-8bbe-2bdb8e72d2bf 14      29   9.677618760104671     
ee732cdc-02ea-475e-8bbe-2bdb8e72d2bf 14      30   7.249870071558671     
ee732cdc-02ea-475e-8bbe-2bdb8e72d2bf 14      31   5.9599619128145065    
ee732cdc-02ea-475e-8bbe-2bdb8e72d2bf 14      32   6.084031123686863     
ee732cdc-02ea-475e-8bbe-2bdb8e72d2bf 14      33   8.419895592517733     
ee732cdc-02ea-475e-8bbe-2bdb8e72d2bf 14      34   8.5527636658667       
ee732cdc-02ea-475e-8bbe-2bdb8e72d2bf 14      35   4.686820843060616     
ee732cdc-02ea-475e-8bbe-2bdb8e72d2bf 14      36   4.642381681336918     
ee732cdc-02ea-475e-8bbe-2bdb8e72d2bf 14      37   5.846290631684056     
ee732cdc-02ea-475e-8bbe-2bdb8e72d2bf 14      38   7.156334646656518     
ee732cdc-02ea-475e-8bbe-2bdb8e72d2bf 14      39   7.265535046291127     
ee732cdc-02ea-475e-8bbe-2bdb8e72d2bf 14      40   9.455371615770076     
ee732cdc-02ea-475e-8bbe-2bdb8e72d2bf 14      41   5.068348221016691     
ee732cdc-02ea-475e-8bbe-2bdb8e72d2bf 14      42   8.427304332895964     
ee732cdc-02ea-475e-8bbe-2bdb8e72d2bf 14      43   5.9641510158107565    
ee732cdc-02ea-475e-8bbe-2bdb8e72d2bf 14      44   5.912811840071505     
ee732cdc-02ea-475e-8bbe-2bdb8e72d2bf 14      45   6.107428085896872     
ee732cdc-02ea-475e-8bbe-2bdb8e72d2bf 14      46   7.605801343580795     
ee732cdc-02ea-475e-8bbe-2bdb8e72d2bf 14      47   8.249410167515926     
ee732cdc-02ea-475e-8bbe-2bdb8e72d2bf 14      48   7.319424295225609     
ee732cdc-02ea-475e-8bbe-2bdb8e72d2bf 14      49   8.551241191798255     
ee732cdc-02ea-475e-8bbe-2bdb8e72d2bf 14      50   4.857366930322367     
ee732cdc-02ea-475e-8bbe-2bdb8e72d2bf 14      51   7.334438103997634     
ee732cdc-02ea-475e-8bbe-2bdb8e72d2bf 14      52   9.571238033011028     
ee732cdc-02ea-475e-8bbe-2bdb8e72d2bf 14      53   6.097109633602457     
ee732cdc-02ea-475e-8bbe-2bdb8e72d2bf 14      54   4.837126605320197     
ee732cdc-02ea-475e-8bbe-2bdb8e72d2bf 14      55   8.524708929000013     
ee732cdc-02ea-475e-8bbe-2bdb8e72d2bf 14      56   7.013433595617684     
ee732cdc-02ea-475e-8bbe-2bdb8e72d2bf 14      57   10.003377912730336    
ee732cdc-02ea-475e-8bbe-2bdb8e72d2bf 14      58   6.933581377580907     
ee732cdc-02ea-475e-8bbe-2bdb8e72d2bf 14      59   8.349988954745108     
ee732cdc-02ea-475e-8bbe-2bdb8e72d2bf 14      60   8.336587244331561     
ee732cdc-02ea-475e-8bbe-2bdb8e72d2bf 14      61   7.1764837582867145    
ee732cdc-02ea-475e-8bbe-2bdb8e72d2bf 14      62   7.351645843994838     
ee732cdc-02ea-475e-8bbe-2bdb8e72d2bf 14      63   5.7784182367257415    
ee732cdc-02ea-475e-8bbe-2bdb8e72d2bf 14      64   9.761810979408487     
ee732cdc-02ea-475e-8bbe-2bdb8e72d2bf 14      65   6.048093190177717     
ee732cdc-02ea-475e-8bbe-2bdb8e72d2bf 14      66   5.688519177050232     
ee732cdc-02ea-475e-8bbe-2bdb8e72d2bf 14      67   4.696869469152496     
ee732cdc-02ea-475e-8bbe-2bdb8e72d2bf 14      68   5.9242614491799515    
ee732cdc-02ea-475e-8bbe-2bdb8e72d2bf 14      69   4.645267560495416     
ee732cdc-02ea-475e-8bbe-2bdb8e72d2bf 14      70   4.825092163578585     
ee732cdc-02ea-475e-8bbe-2bdb8e72d2bf 14      71   9.867411647651167     
ee732cdc-02ea-475e-8bbe-2bdb8e72d2bf 14      72   4.5353336127904385    
ee732cdc-02ea-475e-8bbe-2bdb8e72d2bf 14      73   4.636768728248619     
ee732cdc-02ea-475e-8bbe-2bdb8e72d2bf 14      74   8.2979442776617       
ee732cdc-02ea-475e-8bbe-2bdb8e72d2bf 14      75   7.221245141591837     
ee732cdc-02ea-475e-8bbe-2bdb8e72d2bf 14      76   4.694448311718766     
ee732cdc-02ea-475e-8bbe-2bdb8e72d2bf 14      77   9.73615579496358      
ee732cdc-02ea-475e-8bbe-2bdb8e72d2bf 14      78   7.015027721684703     
ee732cdc-02ea-475e-8bbe-2bdb8e72d2bf 14      79   8.552248533311799     
ee732cdc-02ea-475e-8bbe-2bdb8e72d2bf 14      80   9.693176374790688     
ee732cdc-02ea-475e-8bbe-2bdb8e72d2bf 14      81   8.38944155089289      
ee732cdc-02ea-475e-8bbe-2bdb8e72d2bf 14      82   5.761811226341855     
ee732cdc-02ea-475e-8bbe-2bdb8e72d2bf 14      83   6.073812964631827     
ee732cdc-02ea-475e-8bbe-2bdb8e72d2bf 14      84   6.207326779655183     
ee732cdc-02ea-475e-8bbe-2bdb8e72d2bf 14      85   10.057516104068974    
ee732cdc-02ea-475e-8bbe-2bdb8e72d2bf 14      86   6.041621473245591     
ee732cdc-02ea-475e-8bbe-2bdb8e72d2bf 14      87   7.251631361540234     
ee732cdc-02ea-475e-8bbe-2bdb8e72d2bf 14      88   7.346501758202066     
ee732cdc-02ea-475e-8bbe-2bdb8e72d2bf 14      89   6.113625701990578     
ee732cdc-02ea-475e-8bbe-2bdb8e72d2bf 14      90   8.508132539899755     
ee732cdc-02ea-475e-8bbe-2bdb8e72d2bf 14      91   5.958965618604239     
ee732cdc-02ea-475e-8bbe-2bdb8e72d2bf 14      92   7.26418720191014      
ee732cdc-02ea-475e-8bbe-2bdb8e72d2bf 14      93   10.168008700096747    
ee732cdc-02ea-475e-8bbe-2bdb8e72d2bf 14      94   7.601867256667312     
ee732cdc-02ea-475e-8bbe-2bdb8e72d2bf 14      95   8.607293175280496     
ee732cdc-02ea-475e-8bbe-2bdb8e72d2bf 14      96   6.030225085065247     
ee732cdc-02ea-475e-8bbe-2bdb8e72d2bf 14      97   7.143173862007906     
ee732cdc-02ea-475e-8bbe-2bdb8e72d2bf 14      98   6.910134103687618     
ee732cdc-02ea-475e-8bbe-2bdb8e72d2bf 14      99   5.998495099331443     
ee732cdc-02ea-475e-8bbe-2bdb8e72d2bf 14      100  7.289334597730971     
ee732cdc-02ea-475e-8bbe-2bdb8e72d2bf 14      101  10.055149934078344    
ee732cdc-02ea-475e-8bbe-2bdb8e72d2bf 14      102  6.023559886826106     
ee732cdc-02ea-475e-8bbe-2bdb8e72d2bf 14      103  8.040657114048429     
ee732cdc-02ea-475e-8bbe-2bdb8e72d2bf 14      104  9.386991556085952     
ee732cdc-02ea-475e-8bbe-2bdb8e72d2bf 14      105  7.474066259632835     
ee732cdc-02ea-475e-8bbe-2bdb8e72d2bf 14      106  9.813978160921224     
ee732cdc-02ea-475e-8bbe-2bdb8e72d2bf 14      107  8.355596106621803     
ee732cdc-02ea-475e-8bbe-2bdb8e72d2bf 14      108  7.006564044047408     
ee732cdc-02ea-475e-8bbe-2bdb8e72d2bf 14      109  8.389946818325903     
ee732cdc-02ea-475e-8bbe-2bdb8e72d2bf 14      110  4.7105091731416415    
ee732cdc-02ea-475e-8bbe-2bdb8e72d2bf 14      111  7.467226092037876     
ee732cdc-02ea-475e-8bbe-2bdb8e72d2bf 14      112  5.7300302477706495    
ee732cdc-02ea-475e-8bbe-2bdb8e72d2bf 14      113  8.781590044009551     
ee732cdc-02ea-475e-8bbe-2bdb8e72d2bf 14      114  8.839164366623557     
ee732cdc-02ea-475e-8bbe-2bdb8e72d2bf 14      115  8.682261766847427     
ee732cdc-02ea-475e-8bbe-2bdb8e72d2bf 14      116  10.009888005971632    
ee732cdc-02ea-475e-8bbe-2bdb8e72d2bf 14      117  6.2274729437343765    
ee732cdc-02ea-475e-8bbe-2bdb8e72d2bf 14      118  6.059072403929967     
ee732cdc-02ea-475e-8bbe-2bdb8e72d2bf 14      119  9.998355545495151     
ee732cdc-02ea-475e-8bbe-2bdb8e72d2bf 14      120  7.243143953993069     
ee732cdc-02ea-475e-8bbe-2bdb8e72d2bf 14      121  5.081901368094078     
ee732cdc-02ea-475e-8bbe-2bdb8e72d2bf 14      122  5.070029191934378     
ee732cdc-02ea-475e-8bbe-2bdb8e72d2bf 14      123  9.722672105787922     
ee732cdc-02ea-475e-8bbe-2bdb8e72d2bf 14      124  9.076123498774388     
ee732cdc-02ea-475e-8bbe-2bdb8e72d2bf 14      125  6.253651648113598     
ee732cdc-02ea-475e-8bbe-2bdb8e72d2bf 14      126  4.779840866562825     
ee732cdc-02ea-475e-8bbe-2bdb8e72d2bf 14      127  8.655545995488119     
ee732cdc-02ea-475e-8bbe-2bdb8e72d2bf 14      128  5.952322556073469     
ee732cdc-02ea-475e-8bbe-2bdb8e72d2bf 14      129  9.650020736057549     
ee732cdc-02ea-475e-8bbe-2bdb8e72d2bf 14      130  9.516642522575744     
ee732cdc-02ea-475e-8bbe-2bdb8e72d2bf 14      131  7.31381762771872      
ee732cdc-02ea-475e-8bbe-2bdb8e72d2bf 14      132  9.63840822498436      
ee732cdc-02ea-475e-8bbe-2bdb8e72d2bf 14      133  4.775306889637928     
ee732cdc-02ea-475e-8bbe-2bdb8e72d2bf 14      134  8.466717357213902     
ee732cdc-02ea-475e-8bbe-2bdb8e72d2bf 14      135  7.427478105210497     
ee732cdc-02ea-475e-8bbe-2bdb8e72d2bf 14      136  9.891659899723336     
ee732cdc-02ea-475e-8bbe-2bdb8e72d2bf 14      137  5.206707158050719     
ee732cdc-02ea-475e-8bbe-2bdb8e72d2bf 14      138  8.659824663102313     
ee732cdc-02ea-475e-8bbe-2bdb8e72d2bf 14      139  7.286688730135534     
ee732cdc-02ea-475e-8bbe-2bdb8e72d2bf 14      140  4.728412235723372     
ee732cdc-02ea-475e-8bbe-2bdb8e72d2bf 14      141  8.57580243398968      
ee732cdc-02ea-475e-8bbe-2bdb8e72d2bf 14      142  4.545630629459563     
ee732cdc-02ea-475e-8bbe-2bdb8e72d2bf 14      143  5.7971623789284905    
ee732cdc-02ea-475e-8bbe-2bdb8e72d2bf 14      144  8.522491258778832     
ee732cdc-02ea-475e-8bbe-2bdb8e72d2bf 14      145  4.64004451350214      
ee732cdc-02ea-475e-8bbe-2bdb8e72d2bf 14      146  7.464742290335117     
ee732cdc-02ea-475e-8bbe-2bdb8e72d2bf 14      147  9.062697023326898     
ee732cdc-02ea-475e-8bbe-2bdb8e72d2bf 14      148  10.016243327449978    
ee732cdc-02ea-475e-8bbe-2bdb8e72d2bf 14      149  7.294729886133593     
ee732cdc-02ea-475e-8bbe-2bdb8e72d2bf 14      150  9.427851745727821     
ee732cdc-02ea-475e-8bbe-2bdb8e72d2bf 14      151  9.873954862715493     
ee732cdc-02ea-475e-8bbe-2bdb8e72d2bf 14      152  7.514192801788375     
ee732cdc-02ea-475e-8bbe-2bdb8e72d2bf 14      153  8.43806686186116      
ee732cdc-02ea-475e-8bbe-2bdb8e72d2bf 14      154  4.765152215258116     
ee732cdc-02ea-475e-8bbe-2bdb8e72d2bf 14      155  5.216540476373847     
ee732cdc-02ea-475e-8bbe-2bdb8e72d2bf 14      156  6.021096152533772     
ee732cdc-02ea-475e-8bbe-2bdb8e72d2bf 14      157  7.591039878456655     
ee732cdc-02ea-475e-8bbe-2bdb8e72d2bf 14      158  5.798028706845457     
ee732cdc-02ea-475e-8bbe-2bdb8e72d2bf 14      159  8.48225670440221      
ee732cdc-02ea-475e-8bbe-2bdb8e72d2bf 14      160  9.54320894914823      
ee732cdc-02ea-475e-8bbe-2bdb8e72d2bf 14      161  4.723439950835477     
ee732cdc-02ea-475e-8bbe-2bdb8e72d2bf 14      162  10.00402298719166     
ee732cdc-02ea-475e-8bbe-2bdb8e72d2bf 14      163  9.477333191434155     
ee732cdc-02ea-475e-8bbe-2bdb8e72d2bf 14      164  9.833776686199108     
ee732cdc-02ea-475e-8bbe-2bdb8e72d2bf 14      165  6.234626727853765     
ee732cdc-02ea-475e-8bbe-2bdb8e72d2bf 14      166  10.085983638271252    
ee732cdc-02ea-475e-8bbe-2bdb8e72d2bf 14      167  8.524154924148512     
ee732cdc-02ea-475e-8bbe-2bdb8e72d2bf 14      168  6.944692410124738     
ee732cdc-02ea-475e-8bbe-2bdb8e72d2bf 14      169  4.980020071808532     
ee732cdc-02ea-475e-8bbe-2bdb8e72d2bf 14      170  7.308355826626631     
ee732cdc-02ea-475e-8bbe-2bdb8e72d2bf 14      171  5.894905027427079     
ee732cdc-02ea-475e-8bbe-2bdb8e72d2bf 14      172  10.53405432122972     
ee732cdc-02ea-475e-8bbe-2bdb8e72d2bf 14      173  4.709902560252996     
ee732cdc-02ea-475e-8bbe-2bdb8e72d2bf 14      174  6.993805663336737     
ee732cdc-02ea-475e-8bbe-2bdb8e72d2bf 14      175  9.974225775567191     
ee732cdc-02ea-475e-8bbe-2bdb8e72d2bf 14      176  8.283686767277274     
ee732cdc-02ea-475e-8bbe-2bdb8e72d2bf 14      177  5.929838265632419     
ee732cdc-02ea-475e-8bbe-2bdb8e72d2bf 14      178  6.0586468564621985    
ee732cdc-02ea-475e-8bbe-2bdb8e72d2bf 14      179  4.651908250778298     
ee732cdc-02ea-475e-8bbe-2bdb8e72d2bf 14      180  6.049570653514856     
ee732cdc-02ea-475e-8bbe-2bdb8e72d2bf 14      181  8.473808010441118     
ee732cdc-02ea-475e-8bbe-2bdb8e72d2bf 14      182  5.851858689894023     
ee732cdc-02ea-475e-8bbe-2bdb8e72d2bf 14      183  8.627805827953669     
ee732cdc-02ea-475e-8bbe-2bdb8e72d2bf 14      184  9.86986588380541      
ee732cdc-02ea-475e-8bbe-2bdb8e72d2bf 14      185  8.768557911447544     
ee732cdc-02ea-475e-8bbe-2bdb8e72d2bf 14      186  9.692713901082426     
ee732cdc-02ea-475e-8bbe-2bdb8e72d2bf 14      187  9.954825344573408     
ee732cdc-02ea-475e-8bbe-2bdb8e72d2bf 14      188  5.801349093406245     
ee732cdc-02ea-475e-8bbe-2bdb8e72d2bf 14      189  8.331677952986226     
ee732cdc-02ea-475e-8bbe-2bdb8e72d2bf 14      190  7.501856818059693     
ee732cdc-02ea-475e-8bbe-2bdb8e72d2bf 14      191  5.995521876887288     
ee732cdc-02ea-475e-8bbe-2bdb8e72d2bf 14      192  8.192026565563182     
ee732cdc-02ea-475e-8bbe-2bdb8e72d2bf 14      193  5.930251644771317     
ee732cdc-02ea-475e-8bbe-2bdb8e72d2bf 14      194  4.776638384868409     
ee732cdc-02ea-475e-8bbe-2bdb8e72d2bf 14      195  5.244924627976227     
ee732cdc-02ea-475e-8bbe-2bdb8e72d2bf 14      196  6.37560220108845      
ee732cdc-02ea-475e-8bbe-2bdb8e72d2bf 14      197  5.948126697769403     
ee732cdc-02ea-475e-8bbe-2bdb8e72d2bf 14      198  9.907386832255073     
ee732cdc-02ea-475e-8bbe-2bdb8e72d2bf 14      199  8.31239061929162      
