2.6797199288938787
2.7500778566811119
2.7247966145535862
2.7094228039684491
2.7326711260011383
2.7499071883646202
2.7317519831894863
2.7021735429701081
2.7208863682734474
2.7093577591090927
2.7482049886234989
2.7139360191636328
2.7107167481839838
2.7523899756929993
2.735335257893361
2.7366216111183164
2.7351830290876578
2.7370271843114296
2.7539156079160634
2.7142371586758287
2.7583481917611579
2.7316721972338129
2.7636346175844224
2.7272947902321008
2.7189550557862958
2.7295917715189262
2.7535369490687032
2.7273303895963181
2.7168188074153932
2.7488777021366104
2.7050789116755567
2.7027956380330949
2.7591858517858299
2.7160866115222717
2.6970013322985267
2.7749825007111326
2.7198730585938193
2.7452252252643348
2.7278848493839405
2.7394701131125601
2.7125228749264068
2.7096850103918086
2.701906714114557
2.7372074525248138
2.7298548035452228
2.6829977527678892
2.7226160048306269
2.7353884366480088
2.7354160141746604
2.711816278523969
2.7020784254025045
2.7146169989933355
2.7551744816667281
2.7043735911797739
2.7550323884182717
2.7286938733597594
2.7112241017221663
2.718115862665627
2.7445356446711457
2.7554332122124663
2.7015530909703784
2.7720401013684466
2.7215916722464613
2.7371741029992904
2.751734335691026
2.7356294176502729
2.7002532465916147
2.7204573484810624
2.737527541406422
2.7343793580722888
2.7125245196587002
2.6911825730493319
