TimeCreated MassFrac              
1           0.001774116371781533  
1           0.04939964059939115   
2           0.001938532210559325  
2           0.03951471815687969   
3           0.0021705723248618414 
3           0.02963229382230508   
4           0.002026858420134235  
4           0.03457319378529021   
5           0.0021357395907025426 
5           0.044456867055445895  
6           0.0017744472519122738 
6           0.044456867055445895  
7           0.0018850413523660006 
7           0.03951471815687969   
8           0.0020376168143304025 
8           0.03457319378529021   
9           0.0021575292389514767 
9           0.044456867055445895  
10          0.0017747780902278804 
10          0.03951471815687969   
11          0.0017747780902278801 
11          0.03951471815687969   
12          0.0017741163717815308 
12          0.04939964059939115   
13          0.0018825959869521792 
13          0.02963229382230508   
14          0.0017814250673141773 
14          0.04939964059939115   
15          0.0017747780902278808 
15          0.03951471815687969   
16          0.001993265155327099  
16          0.03951471815687969   
17          0.0017747780902278801 
17          0.03951471815687969   
18          0.001801720690430928  
18          0.044456867055445895  
19          0.0018497671932026728 
19          0.03457319378529021   
20          0.0017744472519122744 
20          0.044456867055445895  
21          0.002169348937985761  
21          0.04939964059939115   
22          0.0021237059534753274 
22          0.03951471815687969   
23          0.002169654842685732  
23          0.044456867055445895  
24          0.0021699607087268522 
24          0.03951471815687969   
25          0.002093418760033316  
25          0.04939964059939115   
26          0.0017751088867362774 
26          0.03457319378529021   
27          0.0021167770584935536 
27          0.898850123487313     
27          0.0021699607087268522 
27          0.03951471815687969   
28          0.0020789368598441256 
28          0.02963229382230508   
29          0.0019465478675401435 
29          0.04939964059939115   
30          0.002051339055462387  
30          0.898850123487313     
30          0.0021052339049732922 
30          0.03951471815687969   
31          0.0020195432856934935 
31          0.03457319378529021   
32          0.0019274421463893777 
32          0.03457319378529021   
33          0.0021167770584935536 
33          0.898850123487313     
33          0.002169654842685732  
33          0.044456867055445895  
34          0.0020422262450524296 
34          0.044456867055445895  
35          0.0020596793444267293 
35          0.02963229382230508   
36          0.00217057232486184   
36          0.02963229382230508   
37          0.0018822330346430177 
37          0.03457319378529021   
38          0.0019603375166238252 
38          0.03457319378529021   
39          0.002169348937985761  
39          0.04939964059939115   
40          0.001751993834611183  
40          0.898850123487313     
40          0.001809799264178738  
40          0.02963229382230508   
41          0.0020113312886306236 
41          0.044456867055445895  
42          0.0018264417823552017 
42          0.03457319378529021   
43          0.002170266536116445  
43          0.03457319378529021   
44          0.0019402977198287518 
44          0.898850123487313     
44          0.001995716255746573  
44          0.03457319378529021   
45          0.001717252288420567  
45          0.898850123487313     
45          0.0017747780902278797 
45          0.03951471815687969   
46          0.002169654842685733  
46          0.044456867055445895  
47          0.001908652658074246  
47          0.03951471815687969   
48          0.0017744472519122738 
48          0.044456867055445895  
49          0.0017754396414453913 
49          0.02963229382230508   
50          0.00177477809022788   
50          0.03951471815687969   
51          0.0019650970726915132 
51          0.04939964059939115   
52          0.001854627372571852  
52          0.03457319378529021   
53          0.001898795002788158  
53          0.02963229382230508   
54          0.00191990415940505   
54          0.044456867055445895  
55          0.0019630107473528062 
55          0.03951471815687969   
56          0.0017741163717815327 
56          0.04939964059939115   
57          0.002169960708726851  
57          0.03951471815687969   
58          0.002069557057501585  
58          0.044456867055445895  
59          0.002169654842685735  
59          0.044456867055445895  
60          0.001932673531575301  
60          0.03951471815687969   
61          0.001774778090227881  
61          0.03951471815687969   
62          0.0020033287778178682 
62          0.03457319378529021   
63          0.0021167770584935536 
63          0.898850123487313     
63          0.0021693489379857613 
63          0.04939964059939115   
64          0.0019796056386187423 
64          0.03457319378529021   
65          0.002170266536116445  
65          0.03457319378529021   
66          0.0020513858958152004 
66          0.02963229382230508   
67          0.0021686463813749644 
67          0.03457319378529021   
68          0.0021267544291401533 
68          0.02963229382230508   
69          0.0021167770584935536 
69          0.898850123487313     
69          0.0021705723248618405 
69          0.02963229382230508   
70          0.0018956947041037404 
70          0.04939964059939115   
71          0.00217057232486184   
71          0.02963229382230508   
72          0.0021644462225409444 
72          0.02963229382230508   
73          0.0020310260058925005 
73          0.044456867055445895  
74          0.0019349590042624424 
74          0.03951471815687969   
75          0.0020216745624229674 
75          0.02963229382230508   
76          0.0021693489379857617 
76          0.04939964059939115   
77          0.0021699607087268527 
77          0.03951471815687969   
78          0.0020634764936256016 
78          0.898850123487313     
78          0.002116930232333089  
78          0.044456867055445895  
79          0.002020612795415771  
79          0.04939964059939115   
80          0.0019417759391529045 
80          0.044456867055445895  
81          0.0021702665361164443 
81          0.03457319378529021   
82          0.0021167770584935536 
82          0.898850123487313     
82          0.0021702665361164448 
82          0.03457319378529021   
83          0.0017751088867362782 
83          0.03457319378529021   
84          0.0018846079888947649 
84          0.898850123487313     
84          0.0019396741241963329 
84          0.04939964059939115   
85          0.0019864392164140915 
85          0.03457319378529021   
86          0.0019805555779594153 
86          0.03951471815687969   
87          0.0018424251862268178 
87          0.03951471815687969   
88          0.0019099541982086198 
88          0.898850123487313     
88          0.0019657044127383474 
88          0.03457319378529021   
89          0.0017744472519122746 
89          0.044456867055445895  
90          0.002026269159713775  
90          0.03457319378529021   
91          0.001910439396363949  
91          0.03951471815687969   
92          0.0018153969121115247 
92          0.898850123487313     
92          0.001871206600939137  
92          0.04939964059939115   
93          0.0017747780902278806 
93          0.03951471815687969   
94          0.0019079786389581941 
94          0.044456867055445895  
95          0.0017751088867362767 
95          0.03457319378529021   
96          0.0020000045936043455 
96          0.03951471815687969   
97          0.002071549407092184  
97          0.03951471815687969   
98          0.0017751088867362778 
98          0.03457319378529021   
99          0.0019487441406384868 
99          0.03951471815687969   
100         0.0018285773452334083 
100         0.04939964059939115   
101         0.0020737100366122374 
101         0.03457319378529021   
102         0.0021433420661715274 
102         0.044456867055445895  
103         0.0021693489379857613 
103         0.04939964059939115   
104         0.0017747780902278801 
104         0.03951471815687969   
105         0.001867196685201317  
105         0.04939964059939115   
106         0.0020493761411630638 
106         0.044456867055445895  
107         0.0021699607087268522 
107         0.03951471815687969   
108         0.0019892290823192798 
108         0.044456867055445895  
109         0.0020676878995439215 
109         0.02963229382230508   
110         0.0019369102910506476 
110         0.03951471815687969   
111         0.002106415634445328  
111         0.03457319378529021   
112         0.0017952595774746003 
112         0.898850123487313     
112         0.0018516116108684933 
112         0.044456867055445895  
113         0.001774447251912273  
113         0.044456867055445895  
114         0.002019461811270916  
114         0.898850123487313     
114         0.002073391163231374  
114         0.044456867055445895  
115         0.0019293412231555346 
115         0.898850123487313     
115         0.0019839267770875905 
115         0.04939964059939115   
116         0.0017919424568310534 
116         0.03457319378529021   
117         0.001775108886736278  
117         0.03457319378529021   
118         0.0017452577293677214 
118         0.898850123487313     
118         0.0018018209426175344 
118         0.04939964059939115   
119         0.0020596989115547323 
119         0.03951471815687969   
120         0.001717252288420567  
120         0.898850123487313     
120         0.0017754396414453926 
120         0.02963229382230508   
121         0.0017637250664160927 
121         0.898850123487313     
121         0.0018214015312972645 
121         0.02963229382230508   
122         0.002019232094022461  
122         0.04939964059939115   
123         0.001717252288420567  
123         0.898850123487313     
123         0.0017744472519122753 
123         0.044456867055445895  
124         0.002014352561732398  
124         0.898850123487313     
124         0.002068961619848825  
124         0.03457319378529021   
125         0.0019447805818186591 
125         0.02963229382230508   
126         0.0021167770584935536 
126         0.898850123487313     
126         0.002169654842685733  
126         0.044456867055445895  
127         0.0021167770584935536 
127         0.898850123487313     
127         0.0021702665361164474 
127         0.03457319378529021   
128         0.0021167770584935536 
128         0.898850123487313     
128         0.002169348937985761  
128         0.04939964059939115   
129         0.0020809951019496657 
129         0.04939964059939115   
130         0.001943979391702772  
130         0.03951471815687969   
131         0.0019306325373081752 
131         0.04939964059939115   
132         0.0018588352504587892 
132         0.02963229382230508   
133         0.0021696548426857333 
133         0.044456867055445895  
134         0.0017747780902278812 
134         0.03951471815687969   
135         0.0017741163717815318 
135         0.04939964059939115   
136         0.0018016932410907546 
136         0.898850123487313     
136         0.0018589523112924112 
136         0.02963229382230508   
137         0.0021167770584935536 
137         0.898850123487313     
137         0.0021696548426857324 
137         0.044456867055445895  
138         0.0019476325041208173 
138         0.898850123487313     
138         0.002002654466639161  
138         0.03951471815687969   
139         0.0021317292758879914 
139         0.02963229382230508   
140         0.0021167770584935536 
140         0.898850123487313     
140         0.002169654842685732  
140         0.044456867055445895  
141         0.002170572324861842  
141         0.02963229382230508   
142         0.002170266536116445  
142         0.03457319378529021   
143         0.0019581935436300576 
143         0.898850123487313     
143         0.002012784947399542  
143         0.044456867055445895  
144         0.0020619786943936957 
144         0.02963229382230508   
145         0.0018622896740147898 
145         0.898850123487313     
145         0.0019182391672692347 
145         0.03951471815687969   
146         0.001814061168887342  
146         0.898850123487313     
146         0.001870210036301739  
146         0.044456867055445895  
147         0.0017741163717815308 
147         0.04939964059939115   
148         0.0020517196969460968 
148         0.898850123487313     
148         0.002105610409534485  
148         0.03951471815687969   
149         0.002022582598602853  
149         0.04939964059939115   
150         0.0017940633710951052 
150         0.04939964059939115   
151         0.001928180324970053  
151         0.898850123487313     
151         0.001983413699437404  
151         0.03951471815687969   
152         0.0021167770584935536 
152         0.898850123487313     
152         0.0021696548426857324 
152         0.044456867055445895  
153         0.0017754396414453933 
153         0.02963229382230508   
154         0.0018658578617671755 
154         0.898850123487313     
154         0.0019224115524895012 
154         0.02963229382230508   
155         0.0018259667588494777 
155         0.03457319378529021   
156         0.0017825906494352034 
156         0.03951471815687969   
157         0.002088002056683555  
157         0.03457319378529021   
158         0.0021167770584935536 
158         0.898850123487313     
158         0.0021696548426857324 
158         0.044456867055445895  
159         0.001972919292697237  
159         0.04939964059939115   
160         0.0020436059516525072 
160         0.02963229382230508   
161         0.0017741163717815327 
161         0.04939964059939115   
162         0.001989803410237328  
162         0.04939964059939115   
163         0.0019844852774083756 
163         0.898850123487313     
163         0.0020384784036845452 
163         0.04939964059939115   
164         0.0017751088867362782 
164         0.03457319378529021   
165         0.0017741163717815334 
165         0.04939964059939115   
166         0.0019106143019111588 
166         0.044456867055445895  
167         0.0019885443455639577 
167         0.03951471815687969   
168         0.0018480698876998608 
168         0.898850123487313     
168         0.0019048191265568699 
168         0.02963229382230508   
169         0.0017747780902278804 
169         0.03951471815687969   
170         0.0019686560158870808 
170         0.03457319378529021   
171         0.001717252288420567  
171         0.898850123487313     
171         0.0017741163717815316 
171         0.04939964059939115   
172         0.001972755802842259  
172         0.02963229382230508   
173         0.002169960708726851  
173         0.03951471815687969   
174         0.0017741163717815316 
174         0.04939964059939115   
175         0.0019860859305410325 
175         0.044456867055445895  
176         0.0020218501994582333 
176         0.03457319378529021   
177         0.0020010928814635635 
177         0.898850123487313     
177         0.0020558468783382824 
177         0.03457319378529021   
178         0.0020491726103703005 
178         0.02963229382230508   
179         0.0019152930301552956 
179         0.03457319378529021   
180         0.0020926181234898118 
180         0.044456867055445895  
181         0.0021514261879763833 
181         0.03457319378529021   
182         0.002079674884013396  
182         0.898850123487313     
182         0.002132953586375438  
182         0.044456867055445895  
183         0.0017741163717815303 
183         0.04939964059939115   
184         0.0018682927206905375 
184         0.044456867055445895  
185         0.002073473169222114  
185         0.898850123487313     
185         0.00212651027423971   
185         0.04939964059939115   
186         0.0018198580862903689 
186         0.04939964059939115   
187         0.002170266536116447  
187         0.03457319378529021   
188         0.0021167770584935536 
188         0.898850123487313     
188         0.0021696548426857337 
188         0.044456867055445895  
189         0.0017747780902278814 
189         0.03951471815687969   
190         0.0021167770584935544 
190         0.898850123487313     
190         0.002170266536116447  
190         0.03457319378529021   
191         0.0021696548426857337 
191         0.044456867055445895  
192         0.002095816138247709  
192         0.03457319378529021   
193         0.0020696545744249006 
193         0.02963229382230508   
194         0.001717252288420568  
194         0.898850123487313     
194         0.0017754396414453933 
194         0.02963229382230508   
195         0.001717252288420568  
195         0.898850123487313     
195         0.0017751088867362774 
195         0.03457319378529021   
196         0.0019512409665015814 
196         0.03457319378529021   
197         0.0020969573463632905 
197         0.898850123487313     
197         0.0021497421544432985 
197         0.04939964059939115   
198         0.00205963711815028   
198         0.044456867055445895  
199         0.0019185097664667868 
199         0.044456867055445895  
