2.9727890730576645
3.0626803440323975
3.0209891713070318
3.0261991693169552
3.0421440225865855
3.0391284557457769
3.0092828153891311
3.0239582674643586
3.0110051947795853
3.0510363775656906
3.0152026521844206
3.0222470848602256
3.1049215771318472
3.0441734523458166
3.0360724374376886
3.0416019352282078
3.0557831544474041
3.0355331594686277
3.0565233061833936
3.0364438981526689
3.0465620584353132
3.0337126194129311
3.0293351952593213
3.0591798423396881
3.0180812854379298
3.0294791209360881
3.0477015313856128
2.9958259636259612
3.0342983338717602
3.0446424746593408
2.9859382013754185
3.0838793629692134
3.0226235915808388
3.0538939226766502
3.0325765258023551
3.0271344748675375
3.0299159298322422
2.9946222344690341
3.0403202291423099
3.0235185744332398
2.9832927297078555
3.0262773707957251
3.0432978527930743
3.0227904418240144
2.9946216690127585
3.0124578953605408
3.0527472646189153
3.0368389382988994
3.0304647312887596
3.0436413418740926
3.0161203173033471
3.0199339709735682
3.0463030721004145
3.0492406328293953
3.043563288061506
3.0691917890620743
3.0123076445944434
3.0533937748911057
3.0452897814559776
2.9984243546520588
3.0298355143357867
3.0507745746587887
3.0322354799041875
2.9696745276758634
3.0170562029525172
