2.9727890730576645
3.0626803440323975
3.0209891713070318
3.0261991693169552
3.0421440225865855
3.0391284557457769
3.0506004637368882
3.0298504184526465
3.0471351072144479
3.0218432897189125
3.0212649548703148
3.073435380409812
3.0517834282482781
3.0287957342322755
2.9991168882632806
3.0841186918009242
3.0317678559534045
3.0256970193639603
3.0444064320547852
3.0517804066571017
3.058628363727145
3.0546939861810998
3.0146790492138535
3.0283250390670844
3.0218432719388773
3.0098026553825008
3.0356900093122476
3.0146448592146555
3.0069017487353733
3.0051880066547625
3.0263493517483511
3.0552008069476386
